altitude,battery,distance,accel,speed,course,timeChange,flightTime
4,99,4.9858,9.7673,0,275,0.9702,0.970
14,97,14.4996,9.8278,0,172,4.0415,5.011
16,97,16.8772,9.8050,0,224,0.9460,5.957
19,97,19.2406,9.8665,0,88,0.9515,6.909
21,97,21.6110,9.8311,0,59,1.0380,7.947
23,96,23.9677,9.8380,0,1,1.0160,8.963
33,95,33.4031,9.8469,0,12,4.2068,13.170
35,95,35.7541,9.7304,0,334,1.0034,14.173
39,93,39.9566,9.8285,0,166,9.9581,24.131
39,93,39.9619,9.8137,0,173,0.9900,25.121
39,92,39.9672,9.8267,0,328,0.9425,26.064
39,92,39.9769,9.8351,0,39,3.0758,29.139
39,91,39.9781,9.8323,0,0,1.0806,30.220
39,91,39.9873,9.8212,0,197,3.0378,33.258
39,90,39.9864,9.8161,0,250,0.9888,34.247
39,90,39.9877,9.7784,0,270,0.9863,35.233
39,90,39.9870,9.8666,0,89,1.0078,36.241
39,90,39.9862,9.8161,0,38,1.0172,37.258
39,89,39.9830,9.8444,0,77,1.0454,38.304
39,89,39.9829,9.8701,0,350,1.0700,39.374
39,88,39.9881,9.8165,0,106,3.8974,43.271
39,88,39.9901,9.7971,0,331,1.0486,44.319
39,88,40.0555,9.8214,0,47,1.0544,45.374
39,88,40.2929,9.9455,0,332,1.0080,46.382
40,87,41.2838,9.9204,1,333,0.9908,47.373
40,87,42.9372,10.0272,1,329,1.0009,48.374
40,87,45.4462,10.0212,2,335,0.9524,49.326
41,87,48.8403,9.9240,3,331,1.0053,50.331
41,86,52.9230,9.7321,4,332,1.0082,51.339
42,86,57.1965,9.6900,4,331,1.0306,52.370
42,86,61.6223,9.7785,4,331,1.1015,53.472
43,86,66.2623,9.8400,4,331,1.0397,54.511
43,85,71.0506,9.9270,4,331,0.9805,55.492
43,85,75.9350,9.8621,4,331,0.9328,56.425
44,85,80.8828,9.8651,4,331,0.9715,57.396
44,85,85.8610,9.8230,4,331,1.0166,58.413
45,84,90.8756,9.8718,4,331,0.9869,59.399
45,84,95.9022,9.8169,5,331,1.0519,60.451
46,84,100.9506,9.7710,5,331,1.0893,61.541
46,84,105.9978,9.8519,5,331,1.0506,62.591
47,83,111.0476,9.8166,5,331,1.0189,63.610
47,83,116.0974,9.8155,5,331,1.0167,64.627
48,83,121.1509,9.8106,5,331,0.9317,65.558
48,83,126.2069,9.9049,5,331,0.9979,66.556
48,82,131.2605,9.8192,5,331,1.0478,67.604
49,82,136.3140,9.8421,5,331,1.0811,68.685
49,82,141.3694,9.8234,5,331,1.0157,69.701
50,82,146.4221,9.8405,5,331,0.9481,70.649
50,81,151.4839,9.8641,5,331,0.9232,71.572
51,81,156.5513,9.8439,5,331,0.9670,72.539
51,81,161.6179,9.8518,5,331,1.0241,73.563
52,81,166.6855,9.8323,5,331,1.0475,74.611
52,80,171.7462,9.7501,5,331,1.0355,75.646
53,80,176.8002,9.8300,5,331,1.0176,76.664
53,80,181.8548,9.8036,5,331,0.9914,77.655
54,80,186.9149,9.7973,5,331,1.0017,78.657
54,79,191.9864,9.7768,5,331,1.0532,79.710
54,79,197.0478,9.7929,5,331,0.9920,80.702
55,79,202.1080,9.8170,5,331,0.9501,81.652
55,79,207.1686,9.8164,5,331,1.0333,82.685
56,78,212.2280,9.7326,5,331,1.0198,83.705
56,78,217.2854,9.8107,5,331,1.0375,84.743
57,78,222.3495,9.8704,5,331,1.0340,85.777
57,78,227.4074,9.8496,5,331,1.0015,86.778
58,77,232.4667,9.7741,5,331,1.0068,87.785
58,77,237.5231,9.8263,5,331,0.9722,88.757
59,77,242.5830,9.8420,5,331,0.9447,89.702
59,77,247.6477,9.8488,5,331,1.0041,90.706
60,76,252.7055,9.8908,5,331,1.0585,91.765
60,76,257.7703,9.8582,5,331,1.0095,92.774
60,76,262.8315,9.7692,5,331,1.0102,93.784
61,76,267.8962,9.8339,5,331,1.0087,94.793
61,75,267.9796,9.6613,4,330,0.9559,95.749
62,75,268.5193,9.8786,3,322,1.0340,96.783
62,75,269.7021,10.1830,2,306,1.0287,97.812
62,75,271.7231,10.0335,2,275,1.0028,98.815
62,74,274.5341,10.0561,3,260,1.0068,99.821
63,74,278.1964,9.8615,3,250,0.9785,100.800
64,74,282.4054,9.6312,4,244,1.0154,101.815
64,74,286.6911,9.8469,4,240,1.0222,102.838
65,73,291.2046,9.8308,4,238,0.9969,103.835
65,73,295.9299,9.8294,4,238,1.0154,104.850
66,73,300.7814,9.8215,4,238,1.0363,105.886
66,73,305.7250,9.8535,4,238,1.0256,106.912
67,72,310.7211,9.8253,4,238,1.0266,107.938
67,72,315.7567,9.7779,5,239,1.0174,108.956
68,72,320.8190,9.8468,5,240,0.9870,109.943
68,72,325.8897,9.7418,5,240,0.9367,110.879
69,71,330.9708,9.8244,5,241,0.9755,111.855
69,71,336.0552,9.7401,5,241,0.9739,112.829
70,71,341.1339,9.8684,5,241,1.0276,113.856
70,71,346.2113,9.7960,5,241,1.0452,114.902
71,70,351.2935,9.8568,5,242,1.0456,115.947
72,70,356.3783,9.8463,5,242,1.0483,116.996
72,70,361.4606,9.8306,5,242,1.0552,118.051
73,70,366.5432,9.8139,5,242,1.0530,119.104
73,69,371.6332,9.7909,5,242,0.9472,120.051
74,69,376.7187,9.8694,5,242,0.9750,121.026
74,69,381.8026,9.8555,5,242,0.9327,121.959
75,69,386.8927,9.8367,5,241,0.9997,122.958
75,68,391.9729,9.8052,5,241,0.9982,123.956
76,68,397.0462,9.7590,5,242,1.0828,125.039
76,68,402.1173,9.8105,5,241,1.0000,126.039
77,68,407.1927,9.8730,5,241,1.0094,127.049
77,67,412.2776,9.7880,5,241,1.0322,128.081
78,67,417.3532,9.8406,5,241,0.9657,129.047
78,67,422.4216,9.7208,5,242,0.9896,130.036
79,67,427.5021,9.8412,5,241,1.0503,131.087
80,66,432.5796,9.7394,5,242,1.0146,132.101
80,66,437.6527,9.8711,5,242,1.0192,133.120
81,66,442.7266,9.8276,5,241,0.9612,134.082
81,65,447.7930,9.7309,5,241,0.9641,135.046
82,65,452.8763,9.8518,5,242,0.9886,136.034
82,65,457.9298,9.9272,5,241,1.0552,137.089
83,65,463.0135,9.7487,5,242,1.0396,138.129
83,64,468.0778,9.8165,5,241,1.0095,139.139
84,64,473.1703,9.8387,5,242,0.9919,140.130
84,64,478.2393,9.8275,5,241,0.9962,141.127
85,64,483.3285,9.7958,5,242,0.9015,142.028
85,63,488.3898,9.8222,5,241,0.9606,142.989
86,63,493.4568,9.8416,5,241,1.0652,144.054
86,63,498.5411,9.7275,5,242,1.0764,145.130
87,63,503.6170,9.8751,5,242,1.0227,146.153
88,62,508.6741,9.7944,5,241,1.0383,147.191
88,62,513.7537,9.8381,5,242,0.9518,148.143
89,62,518.8165,9.8160,5,241,0.9862,149.129
89,62,523.8935,9.7784,5,241,1.0519,150.181
90,61,528.9604,9.8026,5,242,1.0395,151.221
90,61,534.0295,9.8541,5,241,1.0018,152.222
91,61,539.1037,9.7328,5,241,1.0002,153.223
91,61,544.1735,9.8165,5,242,1.0083,154.231
92,60,549.2571,9.7822,5,241,1.0393,155.270
92,60,554.3357,9.7721,5,242,0.9874,156.258
93,60,559.3978,9.8274,5,241,0.9761,157.234
93,60,564.4755,9.7606,5,242,0.9448,158.179
94,59,569.5513,9.8141,5,242,0.9991,159.178
94,59,574.6299,9.8097,5,241,1.1064,160.284
95,59,577.4789,9.6688,5,242,1.0414,161.326
95,58,577.9149,9.8339,0,216,3.9298,165.255
95,58,578.6821,9.8729,0,164,1.0032,166.259
95,58,579.9749,9.7957,1,139,1.0950,167.354
95,57,582.1603,9.8543,2,138,0.9775,168.331
95,57,585.2772,9.8663,3,139,0.9957,169.327
95,57,589.2224,9.8518,4,135,1.0390,170.366
95,57,593.5850,9.7885,4,136,0.9775,171.343
95,56,598.1386,9.8644,4,136,0.9937,172.337
95,56,602.9004,9.7599,4,136,0.9918,173.329
95,56,607.8129,9.7722,4,136,1.0461,174.375
95,56,612.8264,9.7897,5,137,1.0761,175.451
95,55,617.8944,9.7489,5,137,1.0031,176.454
94,55,623.0032,9.8455,5,137,0.9734,177.428
94,55,628.1246,9.8305,5,137,1.0187,178.446
94,55,633.2760,9.8226,5,138,0.9169,179.363
94,54,638.4221,9.8839,5,138,0.9553,180.318
94,54,643.5960,9.8251,5,138,1.0055,181.324
94,54,648.7574,9.8162,5,138,1.0705,182.394
94,54,653.9320,9.8786,5,138,1.0348,183.429
94,53,659.1049,9.8309,5,138,1.0157,184.445
94,53,664.2786,9.8439,5,138,0.9850,185.430
94,53,669.4566,9.7738,5,138,0.9783,186.408
93,53,674.6378,9.7917,5,138,1.0161,187.424
93,52,679.8165,9.9089,5,138,1.0483,188.473
93,52,684.9979,9.8129,5,138,1.0401,189.513
93,52,690.1934,9.7966,5,138,1.0005,190.513
93,52,695.3754,9.7763,5,138,0.9924,191.506
93,51,700.5446,9.8581,5,138,0.9671,192.473
93,51,705.7376,9.8189,5,138,0.9938,193.467
93,51,710.9053,9.8392,5,138,0.9762,194.443
93,51,716.0872,9.8211,5,138,0.9981,195.441
93,50,721.2768,9.7512,5,138,1.0298,196.471
92,50,726.4637,9.8068,5,138,1.0696,197.540
92,50,731.6449,9.8153,5,138,1.0591,198.599
92,50,736.8384,9.8749,5,138,0.9810,199.580
92,49,742.0181,9.8345,5,138,1.0094,200.590
92,49,747.2159,9.7503,5,138,0.9588,201.548
92,49,752.4112,9.8390,5,138,0.9829,202.531
92,49,757.5903,9.7969,5,138,1.0539,203.585
92,48,762.7861,9.8074,5,138,1.0194,204.605
92,48,767.9750,9.8106,5,138,0.9548,205.559
92,48,773.1554,9.8015,5,138,1.0202,206.579
91,48,778.3361,9.8229,5,138,1.0329,207.612
91,47,783.5370,9.8782,5,138,0.9591,208.571
91,47,788.7180,9.8071,5,138,1.0760,209.648
91,47,793.9231,9.7961,5,138,1.0519,210.699
91,47,799.1165,9.8939,5,138,0.9538,211.653
91,47,804.3076,9.8041,5,138,0.9462,212.600
91,46,809.4952,9.8159,5,138,0.9793,213.579
91,46,814.6901,9.7820,5,138,1.0029,214.582
91,46,819.8730,9.8052,5,138,1.0781,215.660
91,46,825.0698,9.7585,5,138,1.0204,216.680
90,45,830.2634,9.8277,5,138,0.9780,217.658
90,45,835.4533,9.8425,5,138,1.0057,218.664
90,45,840.6401,9.8360,5,138,1.0238,219.688
90,45,845.8403,9.8065,5,138,1.0113,220.699
90,44,851.0343,9.8491,5,138,0.9805,221.680
90,44,856.2250,9.8282,5,138,0.9694,222.649
90,44,861.4176,9.8374,5,138,1.0604,223.709
90,44,866.6163,9.8221,5,138,1.0551,224.764
90,43,871.8186,9.8132,5,138,1.0250,225.789
90,43,877.0145,9.7793,5,138,0.9222,226.712
89,43,882.2166,9.8574,5,138,0.9593,227.671
89,43,887.4148,9.7858,5,138,1.0600,228.731
89,42,892.6130,9.7807,5,138,1.0726,229.803
89,42,897.8024,9.7624,5,138,0.9919,230.795
89,42,903.0012,9.8494,5,138,0.9848,231.780
89,42,908.1924,9.8773,5,138,0.9977,232.778
89,41,913.3917,9.8070,5,138,0.9818,233.760
89,41,918.5809,9.8572,5,138,1.0441,234.804
89,41,923.7736,9.7675,5,138,1.0255,235.829
89,41,928.9525,9.8320,5,138,0.9701,236.799
88,40,934.1393,9.8209,5,138,1.0058,237.805
88,40,939.3182,9.8393,5,138,1.0012,238.806
88,40,944.5050,9.7897,5,138,1.0430,239.849
88,40,949.6852,9.7749,5,138,1.0105,240.860
88,39,954.8661,9.8821,5,138,1.0131,241.873
88,39,960.0406,9.8374,5,138,1.0274,242.900
88,39,965.2192,9.8886,5,138,1.0090,243.909
88,39,970.3977,9.8066,5,138,0.9158,244.825
88,38,975.5645,9.7903,5,138,0.9817,245.807
87,38,980.7233,9.7848,5,138,1.0029,246.810
87,38,985.8954,9.8632,5,138,1.0610,247.871
87,38,991.0613,9.7675,5,138,1.0174,248.888
87,37,996.2281,9.7996,5,138,1.0042,249.892
87,37,1001.3954,9.7662,5,138,0.9998,250.892
87,37,1006.5586,9.8196,5,138,1.0002,251.892
87,37,1011.7238,9.8755,5,138,1.0061,252.898
87,36,1016.8833,9.7931,5,138,0.9808,253.879
87,36,1022.0444,9.7665,5,138,1.0064,254.886
87,36,1027.1929,9.8326,5,138,1.0080,255.894
86,36,1032.3386,9.8682,5,138,1.0544,256.948
86,35,1037.4744,9.8428,5,138,1.0283,257.976
86,35,1042.6155,9.8176,5,138,1.0476,259.024
86,35,1047.7487,9.8625,5,138,1.0091,260.033
86,35,1052.8890,9.8480,5,138,0.9280,260.961
86,34,1058.0229,9.8226,5,138,0.9849,261.946
86,34,1063.1710,9.7986,5,138,0.9847,262.931
86,34,1068.3075,9.8762,5,138,1.0196,263.950
86,34,1073.4471,9.8325,5,138,1.0675,265.018
86,34,1078.5784,9.8616,5,139,1.0429,266.061
85,33,1083.7069,9.7719,5,138,0.9786,267.039
85,33,1088.8337,9.8789,5,138,1.0071,268.046
85,33,1093.9641,9.8525,5,138,0.9984,269.045
85,33,1099.0814,9.7752,5,138,1.0062,270.051
85,32,1104.2020,9.7766,5,138,0.9256,270.976
85,32,1109.3130,9.8374,5,138,0.9553,271.932
85,32,1114.4390,9.8507,5,138,0.9549,272.887
85,32,1119.5587,9.8050,5,138,1.0039,273.891
85,31,1124.6747,9.8297,5,138,1.0550,274.945
85,31,1134.9099,9.9607,5,138,1.0904,276.036
85,30,1134.9099,9.8454,0,334,6.0585,282.094
85,29,1135.9468,9.9048,1,339,1.0012,283.096
85,29,1138.0984,9.9938,2,336,0.9380,284.034
85,29,1141.1826,9.8757,3,344,0.9996,285.033
85,29,1145.0577,9.8075,3,338,1.0166,286.050
85,28,1149.1503,9.7252,4,339,1.0134,287.063
85,28,1153.4771,9.8234,4,339,1.0479,288.111
85,28,1158.0145,9.8533,4,339,0.9794,289.090
85,28,1162.7030,9.8196,4,339,1.0180,290.108
85,27,1167.5033,9.8299,4,339,0.9666,291.075
85,27,1172.3867,9.7802,4,339,1.0222,292.097
85,27,1177.3062,9.8343,4,339,1.0175,293.115
86,27,1182.2698,9.8468,4,339,1.0379,294.153
86,26,1187.2499,9.8412,4,339,0.9901,295.143
86,26,1192.2462,9.8146,4,339,0.9821,296.125
86,26,1197.2434,9.7940,5,339,0.9910,297.116
86,26,1202.2458,9.7764,5,340,1.0500,298.166
86,25,1207.2354,9.8380,4,340,0.9894,299.155
86,25,1212.2334,9.8124,5,340,0.9899,300.145
86,25,1217.2292,9.8680,5,340,1.0173,301.162
86,25,1222.2209,9.8284,5,340,1.0239,302.186
86,24,1227.2091,9.7936,4,340,0.9789,303.165
87,24,1232.2037,9.7534,5,340,0.9901,304.155
87,24,1237.2047,9.7984,4,340,1.0344,305.190
87,24,1242.2152,9.8454,5,340,0.9989,306.189
87,23,1247.2061,9.7954,4,340,1.0054,307.194
87,23,1252.2103,9.7981,5,340,1.0000,308.194
87,23,1257.2173,9.8124,5,340,1.0116,309.206
87,23,1262.2140,9.7882,4,340,1.0574,310.263
87,22,1267.2214,9.8566,5,340,0.9969,311.260
87,22,1272.2191,9.8032,4,340,0.9714,312.231
87,22,1277.2098,9.8526,4,340,1.0337,313.265
88,22,1282.2102,9.8628,5,339,0.9934,314.259
88,22,1287.2114,9.7987,4,340,0.9787,315.237
88,21,1292.2090,9.7863,4,340,1.0245,316.262
88,21,1297.2141,9.8742,5,340,1.0434,317.305
88,21,1302.2186,9.7911,5,340,1.0329,318.338
88,21,1307.2188,9.8511,4,340,0.9782,319.316
88,20,1312.2104,9.7608,4,339,1.0187,320.335
88,20,1317.2183,9.8294,5,340,0.9853,321.320
88,20,1322.2107,9.7921,4,339,0.9577,322.278
88,20,1327.2021,9.8287,4,339,0.9988,323.277
88,19,1332.1957,9.8200,4,340,1.0226,324.299
89,19,1337.1893,9.8683,4,340,1.0437,325.343
89,19,1342.1859,9.8298,4,339,0.9936,326.337
89,19,1347.1742,9.8176,4,340,1.0377,327.374
89,18,1352.1669,9.8137,4,340,0.9854,328.360
89,18,1357.1530,9.8103,4,339,0.9860,329.346
89,18,1362.1467,9.8794,4,340,1.0603,330.406
89,18,1367.1384,9.8204,4,340,0.9788,331.385
89,17,1372.1313,9.8247,4,340,1.0012,332.386
89,17,1377.1162,9.8096,4,340,1.0255,333.411
89,17,1382.1034,9.8919,4,340,1.0164,334.428
90,17,1382.7008,9.1541,4,339,0.9714,335.399
89,16,1382.7008,9.3763,2,340,0.9941,336.393
87,16,1382.7008,9.9692,0,340,1.0441,337.437
86,16,1382.7008,9.8312,0,339,1.0147,338.452
84,16,1382.7008,9.8133,0,161,0.9912,339.443
72,14,1382.7008,9.7721,0,15,8.0136,347.457
71,14,1382.7008,9.8596,0,343,1.0402,348.497
69,14,1382.7008,9.8657,0,338,1.0312,349.528
68,13,1382.7008,9.7863,0,326,1.0563,350.585
66,13,1382.7008,9.8128,0,348,1.0143,351.599
65,13,1382.7008,9.8299,0,353,0.9489,352.548
63,13,1382.7008,9.8065,0,123,0.9773,353.525
62,12,1382.7008,9.8603,0,161,0.9764,354.501
56,12,1382.7008,9.8478,0,49,4.1555,358.657
54,11,1382.7008,9.8675,0,137,0.9814,359.638
53,11,1382.7008,9.8175,0,339,0.9630,360.601
51,11,1382.7008,9.8499,0,242,0.9469,361.548
50,11,1382.7008,9.8033,0,261,1.0551,362.603
48,11,1382.7008,9.8314,0,1,1.0391,363.642
47,10,1382.7008,9.7729,0,86,1.0450,364.688
45,10,1382.7008,9.8231,0,55,1.0082,365.696
44,10,1382.7008,9.8155,0,49,0.9860,366.682
42,10,1382.7008,9.8372,0,131,0.9460,367.628
36,9,1382.7008,9.8315,0,301,3.9633,371.591
35,9,1382.7008,9.8275,0,81,1.1011,372.692
29,8,1382.7008,9.7869,0,8,3.9849,376.677
27,7,1382.7008,9.8561,0,56,1.0452,377.722
26,7,1382.7008,9.8375,0,150,1.0068,378.729
17,6,1382.7008,9.7531,0,101,5.9897,384.719
15,6,1382.7008,9.8376,0,131,0.9836,385.702
11,5,1382.7008,10.8403,0,104,3.0325,388.735
10,5,1382.7008,9.7613,0,167,1.0055,389.740
9,4,1382.7008,9.8500,0,97,2.0029,391.743
9,4,1382.7008,9.8117,0,153,1.0492,392.792
7,3,1382.7008,9.8083,0,32,2.9660,395.758
7,3,1382.7008,9.8863,0,64,0.9793,396.738
6,3,1382.7008,9.8459,0,326,1.0427,397.780
6,3,1382.7008,9.8553,0,176,1.0199,398.800
5,3,1382.7008,9.8135,0,76,0.9907,399.791
5,2,1382.7008,9.8000,0,93,1.0286,400.820
4,2,1382.7008,9.8064,0,228,1.0453,401.865
4,2,1382.7008,9.8687,0,88,1.0440,402.909
3,2,1382.7008,9.7938,0,29,1.0019,403.911
