altitude,battery,distance,accel,speed,course,timeChange,flightTime
4,99,4.9334,9.7672,0,274,1.0171,1.017
9,98,9.6932,9.8189,0,308,1.9718,2.988
12,98,12.0735,9.8093,0,290,1.0084,3.997
14,97,14.4476,9.8277,0,172,1.0336,5.030
16,97,16.8251,9.8053,0,233,0.9803,6.011
19,97,19.1886,9.8663,0,88,1.0714,7.082
21,97,21.5591,9.8322,0,62,0.9835,8.066
23,96,23.9155,9.8376,0,348,0.9854,9.051
33,95,33.3504,9.8455,0,18,4.0253,13.076
35,95,35.7016,9.7512,0,331,1.0245,14.101
39,93,39.9567,9.8283,0,168,10.0316,24.133
39,93,39.9618,9.8138,0,169,1.0229,25.155
39,92,39.9670,9.8253,0,338,0.9806,26.136
39,92,39.9729,9.7986,0,34,2.0252,28.161
39,92,39.9768,9.8358,0,33,1.0045,29.166
39,91,39.9780,9.8326,0,358,1.0758,30.242
39,91,39.9873,9.8228,0,199,2.9665,33.208
39,90,39.9930,9.8201,0,240,1.0667,34.275
39,90,40.1954,9.8594,0,222,1.0164,35.291
40,90,41.1730,9.8916,1,221,0.9555,36.247
40,90,42.8162,9.9059,1,213,0.9816,37.228
40,89,45.3241,9.9304,2,219,1.0087,38.237
40,89,48.6976,9.9094,3,223,1.0345,39.271
40,89,52.6991,9.7338,4,221,1.0818,40.353
40,89,56.8812,9.8364,4,220,0.9756,41.329
40,88,61.2777,9.8366,4,219,0.9732,42.302
41,88,65.8807,9.8379,4,218,0.9996,43.302
41,88,70.6409,9.7964,4,218,1.0518,44.353
41,88,75.5001,9.8177,4,217,1.0615,45.415
41,87,80.4275,9.8278,4,217,1.0129,46.428
41,87,85.4053,9.8284,4,217,0.9499,47.378
41,87,90.4159,9.8137,5,218,0.9725,48.350
41,87,95.4461,9.8002,5,218,0.9893,49.340
42,86,100.4891,9.8373,5,218,1.0511,50.391
42,86,105.5510,9.8416,5,218,1.0260,51.417
42,86,110.6125,9.7970,5,218,0.9825,52.399
42,86,115.6744,9.7715,5,219,0.9972,53.396
42,85,120.7403,9.8385,5,219,1.0611,54.457
42,85,125.8099,9.9162,5,219,1.0367,55.494
43,85,130.8781,9.8606,5,219,1.0044,56.499
43,85,135.9470,9.8537,5,219,0.9765,57.475
43,84,141.0026,9.8308,5,219,0.9574,58.432
43,84,146.0685,9.8610,5,219,1.0613,59.494
43,84,151.1307,9.8310,5,219,0.9719,60.466
43,84,156.2045,9.7697,5,219,0.9849,61.451
44,84,161.2642,9.8649,5,219,1.0361,62.487
44,83,166.3301,9.8138,5,219,1.0342,63.521
44,83,171.3865,9.8218,5,219,1.0114,64.532
44,83,176.4488,9.7972,5,219,0.9987,65.531
44,83,181.5095,9.8961,5,219,0.9633,66.494
44,82,186.5677,9.8153,5,219,1.0517,67.546
45,82,191.6215,9.8277,5,219,1.0118,68.558
45,82,196.6825,9.8218,5,219,1.0337,69.591
45,82,201.7391,9.8380,5,219,1.0364,70.628
45,81,206.8044,9.8715,5,219,0.9997,71.627
45,81,211.8735,9.8290,5,219,1.0180,72.645
45,81,216.9377,9.8677,5,219,0.9836,73.629
46,81,222.0023,9.8251,5,219,0.9477,74.577
46,80,227.0594,9.7689,5,219,1.0051,75.582
46,80,232.1167,9.8321,5,219,1.0237,76.605
46,80,237.1759,9.8230,5,219,1.0512,77.657
46,80,242.2365,9.7972,5,219,1.0498,78.706
46,79,247.3108,9.7818,5,219,0.9791,79.686
47,79,252.3789,9.7862,5,219,1.0051,80.691
47,79,257.4424,9.8300,5,219,1.0375,81.728
47,79,262.5157,9.8176,5,219,1.0359,82.764
47,78,267.5749,9.7385,5,219,0.9429,83.707
47,78,272.6419,9.7936,5,219,0.9421,84.649
47,78,277.7116,9.8776,5,219,0.9687,85.618
48,78,282.7792,9.8324,5,219,0.9975,86.615
48,77,287.8419,9.7879,5,219,1.0768,87.692
48,77,292.9052,9.8184,5,219,1.0339,88.726
48,77,297.9718,9.8507,5,219,0.9998,89.726
48,77,303.0394,9.8384,5,219,0.9948,90.721
48,76,308.1012,9.8892,5,219,0.9733,91.694
48,76,313.1745,9.8533,5,219,0.9801,92.674
49,76,318.2395,9.7693,5,219,1.0264,93.700
49,76,323.3069,9.8217,5,219,1.0586,94.759
49,75,328.3734,9.8200,5,219,0.9970,95.756
49,75,333.4410,9.8171,5,219,0.9921,96.748
49,75,341.1188,9.9427,5,219,1.0098,97.758
49,74,341.1188,9.9037,0,273,5.1066,102.864
49,73,341.5886,9.8264,0,340,1.0065,103.871
50,73,342.8580,9.8732,1,351,0.9972,104.868
50,73,344.9944,9.9190,2,351,0.9895,105.858
50,73,348.0469,9.9044,3,347,0.9901,106.848
50,72,351.8607,9.7974,3,351,1.0240,107.872
50,72,355.8900,9.7941,4,352,1.0112,108.883
50,72,360.1715,9.8383,4,351,1.0341,109.917
50,72,364.6767,9.7620,4,351,0.9727,110.890
50,71,369.3567,9.8088,4,350,0.9821,111.872
50,71,374.1500,9.7749,4,350,1.0208,112.893
50,71,379.0285,9.8502,4,349,1.0352,113.928
50,71,383.9564,9.8201,4,349,0.9954,114.923
49,70,388.9260,9.8381,4,349,0.9601,115.883
49,70,393.9175,9.8419,5,349,1.0828,116.966
49,70,398.9333,9.8090,5,349,1.0629,118.029
49,70,403.9506,9.7994,5,349,1.0111,119.040
49,70,408.9871,9.7861,5,349,1.0290,120.069
49,69,414.0197,9.8499,5,349,0.9750,121.044
49,69,419.0598,9.8546,5,349,1.0048,122.049
49,69,424.0945,9.8187,5,349,0.9349,122.984
49,69,429.1258,9.8190,5,349,0.9836,123.968
49,68,434.1582,9.7381,5,349,0.9845,124.952
49,68,439.1919,9.8455,5,349,1.0324,125.984
49,68,444.2301,9.8647,5,349,1.0539,127.038
49,68,449.2777,9.8182,5,349,1.0072,128.046
49,67,454.3255,9.8152,5,349,0.9592,129.005
49,67,459.3677,9.7568,5,349,1.0588,130.064
49,67,464.4222,9.8354,5,349,1.0177,131.081
49,67,469.4715,9.7683,5,349,1.0089,132.090
49,66,474.5202,9.8650,5,349,1.0015,133.092
49,66,479.5671,9.8464,5,349,0.9587,134.050
49,66,484.6207,9.7265,5,349,1.0284,135.079
49,66,489.6696,9.8542,5,349,1.0110,136.090
49,65,494.7178,9.8934,5,349,1.0313,137.121
49,65,499.7675,9.7635,5,349,1.0220,138.143
49,65,504.8232,9.7953,5,349,0.9660,139.109
49,65,509.8814,9.8491,5,349,0.9653,140.074
49,64,514.9561,9.8126,5,349,1.0472,141.122
49,64,520.0228,9.7856,5,349,1.0571,142.179
49,64,525.0853,9.8006,5,349,1.0077,143.186
49,64,530.1418,9.8329,5,349,1.0002,144.186
49,63,535.2139,9.7180,5,349,0.9402,145.127
49,63,540.2789,9.8583,5,349,0.9864,146.113
49,63,545.3409,9.8072,5,349,1.0642,147.177
49,63,550.4010,9.8218,5,349,1.0945,148.272
49,62,555.4686,9.8250,5,349,0.9992,149.271
49,62,560.5375,9.7650,5,349,0.9655,150.237
49,62,565.5985,9.8194,5,349,1.0324,151.269
49,62,570.6716,9.8523,5,349,1.0237,152.293
49,61,575.7382,9.7703,5,349,1.0142,153.307
49,61,580.8093,9.8140,5,349,0.9977,154.305
49,61,585.8898,9.8246,5,349,1.0074,155.312
49,61,590.9679,9.7598,5,349,0.9268,156.239
49,60,596.0365,9.8309,5,349,0.9876,157.226
49,60,601.1072,9.7564,5,349,1.0457,158.272
49,60,606.1817,9.8264,5,349,1.0336,159.306
49,60,611.2688,9.8022,5,349,1.0561,160.362
49,59,616.3433,9.8824,5,349,0.9931,161.355
49,59,621.4215,9.8595,5,349,0.9868,162.342
49,59,626.4969,9.8293,5,349,0.9937,163.335
49,59,631.5809,9.8031,5,349,0.9978,164.333
49,58,636.6560,9.8049,5,349,1.0603,165.394
49,58,641.7449,9.8148,5,349,0.9977,166.391
49,58,646.8206,9.7859,5,349,0.9845,167.376
49,58,651.9031,9.8143,5,349,0.9744,168.350
49,57,656.9792,9.8431,5,349,1.0168,169.367
49,57,662.0592,9.8252,5,349,1.0101,170.377
49,57,667.1331,9.7751,5,349,1.0692,171.446
49,57,672.2204,9.8532,5,349,1.0102,172.456
50,56,677.3041,9.7644,5,349,1.0196,173.476
50,56,682.3882,9.7681,5,349,0.9995,174.476
50,56,687.4767,9.7949,5,349,0.9942,175.470
49,56,692.5651,9.7556,5,349,1.0551,176.525
49,55,697.6550,9.8539,5,349,0.9621,177.487
49,55,702.7350,9.8285,5,349,0.9815,178.468
49,55,707.8267,9.8197,5,349,1.0149,179.483
49,55,712.9130,9.8806,5,349,1.0599,180.543
49,55,718.0007,9.8274,5,349,1.0086,181.552
49,54,723.0891,9.8161,5,349,0.9575,182.509
49,54,728.1802,9.8803,5,349,1.0560,183.565
49,54,733.2665,9.8339,5,349,0.9847,184.550
49,54,738.3625,9.8492,5,349,0.9878,185.538
49,53,743.4539,9.7759,5,349,1.0285,186.566
49,53,748.5510,9.7909,5,349,1.0366,187.603
49,53,753.6552,9.9144,5,349,1.0024,188.605
49,53,758.7507,9.8105,5,349,1.0672,189.672
49,52,763.8446,9.7934,5,349,0.9846,190.657
49,52,768.9398,9.7821,5,349,0.9487,191.606
49,52,774.0198,9.8576,5,349,0.9227,192.528
49,52,779.1143,9.8280,5,349,0.9673,193.496
49,51,784.1990,9.8406,5,349,0.9988,194.495
49,51,789.2888,9.8226,5,349,1.0393,195.534
49,51,794.3810,9.7541,5,349,1.0389,196.573
49,51,799.4877,9.8012,5,349,1.0559,197.629
49,50,804.5889,9.8185,5,349,1.0150,198.644
49,50,809.6902,9.8719,5,349,0.9957,199.639
49,50,814.7933,9.8360,5,349,0.9980,200.637
49,50,819.9011,9.7485,5,349,0.9707,201.608
49,49,825.0155,9.8367,5,349,1.0252,202.633
49,49,830.1127,9.7873,5,349,1.0206,203.654
49,49,835.2109,9.8074,5,349,0.9901,204.644
49,49,840.3190,9.8067,5,349,0.9607,205.605
49,48,845.4238,9.7977,5,349,1.0960,206.701
49,48,850.5110,9.8239,5,349,1.0514,207.752
49,48,855.6237,9.8876,5,349,1.0063,208.758
49,48,860.7314,9.8033,5,349,0.9590,209.717
49,47,865.8447,9.7994,5,349,0.9129,210.630
49,47,870.9577,9.8896,5,349,0.9781,211.608
49,47,876.0614,9.8061,5,349,1.0800,212.688
49,47,881.1658,9.8164,5,349,1.0618,213.750
49,46,886.2766,9.7864,5,349,1.0430,214.793
49,46,891.3738,9.7973,5,349,0.9730,215.766
49,46,896.4887,9.7710,5,349,0.9696,216.736
49,46,901.5946,9.8302,5,349,1.0347,217.771
49,45,906.7008,9.8461,5,349,0.9991,218.770
49,45,911.8013,9.8378,5,349,1.0212,219.791
49,45,916.9139,9.8105,5,349,0.9782,220.769
49,45,922.0270,9.8575,5,349,1.0018,221.771
49,44,927.1321,9.8257,5,349,1.0355,222.806
49,44,932.2371,9.8377,5,349,0.9764,223.783
49,44,937.3492,9.8169,5,349,1.0484,224.831
49,44,942.4545,9.8185,5,349,0.9831,225.814
49,43,947.5573,9.7740,5,349,0.9810,226.795
49,43,952.6746,9.8663,5,349,0.9954,227.791
49,43,957.7832,9.7898,5,349,1.0231,228.814
49,43,962.8874,9.7873,5,349,1.0367,229.850
49,42,967.9918,9.7632,5,349,1.0074,230.858
49,42,973.1014,9.8518,5,349,0.9851,231.843
49,42,978.2083,9.8805,5,349,1.0394,232.882
49,42,983.3204,9.8142,5,349,0.9906,233.873
49,41,988.4299,9.8481,5,349,1.0119,234.885
49,41,993.5359,9.7710,5,349,1.0524,235.937
50,41,998.6376,9.8227,5,349,0.9713,236.908
50,41,1010.4120,9.8626,5,349,1.0292,237.938
50,39,1010.4120,9.9232,0,162,5.9835,243.921
50,39,1011.0568,9.8203,1,163,1.0625,244.984
50,39,1012.9350,9.8357,1,161,1.0371,246.021
50,39,1015.7326,9.8223,2,154,1.0103,247.031
50,38,1019.3971,9.8871,3,158,0.9932,248.024
50,38,1023.4705,9.7718,4,158,1.0168,249.041
50,38,1027.7795,9.8065,4,159,0.9417,249.983
49,38,1032.3596,9.7800,4,159,0.9335,250.916
49,37,1037.1375,9.8192,4,159,0.9734,251.890
50,37,1042.0432,9.8739,4,159,1.0297,252.919
50,37,1047.0383,9.7915,5,159,1.0751,253.995
50,37,1052.0953,9.7725,5,159,1.0295,255.024
50,36,1057.1815,9.8270,5,159,1.0071,256.031
50,36,1062.2839,9.8586,5,159,1.0342,257.065
50,36,1067.3994,9.8435,5,159,0.9674,258.033
50,36,1072.5269,9.8218,5,159,0.9396,258.972
50,35,1077.6599,9.8621,5,159,0.9828,259.955
50,35,1082.8007,9.8504,5,159,0.9988,260.954
49,35,1087.9305,9.8202,5,159,1.0211,261.975
49,35,1093.0625,9.8058,5,159,1.0389,263.014
49,34,1098.1930,9.8653,5,159,1.0259,264.040
49,34,1103.3218,9.8383,5,159,0.9932,265.033
49,34,1108.4443,9.8637,5,159,0.9634,265.997
49,34,1113.5771,9.7707,5,159,1.0246,267.021
49,33,1118.7070,9.8765,5,159,1.0085,268.030
49,33,1123.8298,9.8601,5,159,0.9837,269.013
50,33,1128.9464,9.7747,5,159,1.0293,270.043
50,33,1134.0684,9.7741,5,159,0.9943,271.037
49,32,1139.1755,9.8296,5,159,1.0078,272.045
49,32,1144.2941,9.8544,5,159,1.0330,273.078
49,32,1149.4156,9.8094,5,159,0.9802,274.058
49,32,1154.5161,9.8333,5,159,0.9756,275.033
49,31,1159.6411,9.8308,5,159,1.0052,276.039
49,31,1164.7401,9.7705,5,159,1.0412,277.080
49,31,1169.8467,9.8427,5,159,1.0205,278.100
49,31,1174.9626,9.8554,5,159,0.9772,279.077
49,30,1180.0627,9.7720,5,159,1.0135,280.091
49,30,1185.1869,9.8314,5,159,0.9816,281.073
49,30,1190.2797,9.8369,5,159,1.0314,282.104
49,30,1195.3865,9.8511,5,159,1.0309,283.135
49,30,1200.4821,9.8678,5,159,0.9969,284.132
49,29,1205.5870,9.7884,5,159,1.0073,285.139
49,29,1210.6785,9.8521,5,159,0.9648,286.104
49,29,1215.7833,9.7460,5,159,1.0018,287.106
49,29,1220.8782,9.8174,5,159,1.0150,288.121
49,28,1225.9630,9.8526,5,159,1.0309,289.152
49,28,1231.0504,9.8122,5,159,1.0360,290.188
49,28,1236.1334,9.8336,5,159,1.0147,291.202
50,28,1241.2201,9.7748,5,159,0.9700,292.172
50,27,1246.3063,9.8372,5,159,0.9616,293.134
50,27,1251.3972,9.8422,5,159,0.9972,294.131
50,27,1256.4822,9.8369,5,159,1.0940,295.225
50,27,1261.5725,9.8110,5,159,1.0294,296.254
50,26,1266.6505,9.7890,5,159,0.9874,297.242
50,26,1271.7390,9.7711,5,159,0.9414,298.183
50,26,1276.8036,9.8361,5,159,0.9859,299.169
50,26,1281.8796,9.8165,5,159,1.0352,300.204
50,25,1286.9556,9.8708,5,159,1.0756,301.280
50,25,1292.0182,9.8324,5,159,1.0581,302.338
50,25,1297.0825,9.7833,5,159,1.0280,303.366
50,25,1302.1562,9.7593,5,159,1.0088,304.375
50,24,1307.2273,9.8028,5,159,0.9604,305.335
50,24,1312.2975,9.8465,5,159,0.9256,306.261
49,24,1317.3658,9.7887,5,159,1.0040,307.265
49,24,1322.4218,9.8090,5,159,0.9507,308.216
49,23,1327.4767,9.8132,5,159,1.0358,309.251
49,23,1332.5264,9.7908,5,159,1.0247,310.276
49,23,1337.5842,9.8564,5,159,1.0631,311.339
49,23,1342.6395,9.7965,5,159,1.0477,312.387
49,22,1347.6876,9.8555,5,159,0.9991,313.386
49,22,1352.7423,9.8654,5,159,0.9981,314.384
49,22,1357.7982,9.8041,5,159,0.9961,315.380
49,22,1362.8430,9.7919,5,159,1.0064,316.387
49,21,1367.8950,9.8707,5,159,1.0266,317.413
49,21,1372.9391,9.7968,5,159,0.9937,318.407
49,21,1377.9885,9.8552,5,159,1.0059,319.413
49,21,1383.0292,9.7677,5,159,1.0490,320.462
49,20,1388.0768,9.8323,5,159,1.0277,321.490
49,20,1393.1133,9.7925,5,159,1.0163,322.506
49,20,1398.1447,9.8247,5,159,1.0185,323.525
49,20,1403.1788,9.8177,5,159,0.9562,324.481
49,19,1403.1787,9.0345,4,159,0.9635,325.444
49,19,1403.1787,9.4582,1,161,0.9559,326.400
47,19,1403.1787,9.9417,0,168,0.9975,327.398
45,19,1403.1787,9.8226,0,163,1.0594,328.457
44,19,1403.1787,9.7988,0,357,1.0220,329.479
30,17,1403.1787,9.7972,0,197,9.1043,338.583
29,16,1403.1787,9.8193,0,190,0.9912,339.575
27,16,1403.1787,9.8254,0,218,0.9306,340.505
26,16,1403.1787,9.8399,0,229,0.9607,341.466
24,16,1403.1787,9.8644,0,127,1.0413,342.507
23,16,1403.1787,9.8064,0,238,1.0602,343.567
21,15,1403.1787,9.8001,0,232,1.0268,344.594
20,15,1403.1787,9.8172,0,309,0.9882,345.582
14,14,1403.1787,9.8635,0,54,4.0308,349.613
12,14,1403.1787,9.7792,0,38,1.0203,350.633
9,14,1403.1787,10.1172,0,94,2.0343,352.668
8,13,1403.1787,10.6306,0,338,0.9924,353.660
6,12,1403.1787,9.8502,0,170,4.8131,358.473
5,12,1403.1787,9.8681,0,13,1.0842,359.557
5,12,1403.1787,9.8165,0,133,1.0719,360.629
4,12,1403.1787,9.8531,0,44,0.9993,361.629
4,11,1403.1787,9.8035,0,73,0.9702,362.599
3,11,1403.1787,9.8315,0,122,1.0036,363.602
3,11,1403.1787,9.7726,0,23,1.0248,364.627
2,10,1403.1787,9.8152,0,190,2.0172,366.644
1,10,1403.1787,9.8411,0,251,0.9882,367.633
1,10,1403.1787,9.7813,0,334,1.0138,368.647
0,9,1403.1787,9.8333,0,137,2.9844,371.631
0,9,1403.1787,9.8333,0,270,1.0150,372.646
-1,9,1403.1787,14.6951,0,69,1.0365,373.682
-1,9,1403.1787,9.8039,0,271,1.0707,374.753
-1,9,1403.1787,9.8172,0,270,0.9972,375.750
-1,9,1403.1787,9.8159,0,270,0.9653,376.716
-1,9,1403.1787,9.8168,0,270,0.9892,377.705
-1,9,1403.1787,9.8174,0,270,1.0087,378.713
-1,9,1403.1787,9.8162,0,270,1.0177,379.731
-1,9,1403.1787,9.8178,0,270,1.0343,380.765
-1,9,1403.1787,9.8179,0,270,0.9754,381.741
-1,9,1403.1787,9.8168,0,270,1.0097,382.751
-1,9,1403.1787,9.8151,0,270,0.9813,383.732
-1,9,1403.1787,9.8166,0,270,1.0430,384.775
-1,9,1403.1787,9.8169,0,270,1.0276,385.803
-1,9,1403.1787,9.8168,0,270,0.9847,386.787
-1,9,1403.1787,9.8157,0,270,0.9958,387.783
-1,9,1403.1787,9.8166,0,270,0.9782,388.761
-1,9,1403.1787,9.8178,0,270,1.0080,389.769
-1,9,1403.1787,9.8169,0,270,1.0315,390.801
-1,9,1403.1787,9.8174,0,270,0.9840,391.785
-1,9,1403.1787,9.8182,0,270,1.0328,392.817
-1,9,1403.1787,9.8181,0,270,0.9936,393.811
