altitude,battery,distance,accel,speed,course,timeChange,flightTime
4,99,4.6913,9.7645,0,277,0.9540,0.954
9,98,9.4528,9.8183,0,303,1.9245,2.878
11,98,11.8330,9.8098,0,277,1.0012,3.879
14,98,14.2070,9.8280,0,191,1.0450,4.924
16,97,16.5846,9.8050,0,237,1.0401,5.964
18,97,18.9482,9.8658,0,90,0.9680,6.932
21,97,21.3187,9.8341,0,68,1.0185,7.951
23,96,23.6759,9.8357,0,6,1.0535,9.004
25,96,26.0433,9.7818,0,144,0.9877,9.992
28,96,28.4029,9.7861,0,50,0.9697,10.962
33,95,33.1124,9.8453,0,30,1.9421,12.904
35,95,35.4639,9.7903,0,329,1.0404,13.944
39,93,39.9563,9.8296,0,167,10.0973,24.041
39,93,39.9612,9.8138,0,171,0.9833,25.025
39,92,39.9664,9.8269,0,322,1.0648,26.089
39,92,39.9724,9.7986,0,30,1.9629,28.052
39,92,39.9767,9.8348,0,38,1.0048,29.057
39,91,39.9873,9.8219,0,202,4.0494,33.107
39,90,39.9863,9.8183,0,234,0.9947,34.101
39,90,40.1083,9.8376,0,344,1.0087,35.110
39,90,40.8621,9.9105,0,345,1.0641,36.174
40,90,42.2625,9.8934,1,343,1.0198,37.194
40,89,44.4595,9.9264,2,345,0.9562,38.150
40,89,47.5316,9.9306,3,343,0.9692,39.119
40,89,51.3717,9.8255,3,343,1.0068,40.126
40,89,55.5928,9.8077,4,342,1.0618,41.188
40,88,59.9615,9.8296,4,342,1.0235,42.212
40,88,64.5416,9.8299,4,342,1.0005,43.212
41,88,69.2921,9.7969,4,342,0.9414,44.153
41,88,74.1438,9.8153,4,342,0.9541,45.108
41,88,79.0645,9.8209,4,342,1.0362,46.144
41,87,84.0352,9.8229,4,342,1.0531,47.197
41,87,89.0369,9.8228,5,343,1.0737,48.271
41,87,94.0582,9.7944,5,343,0.9866,49.257
41,87,99.0886,9.8349,5,343,0.9468,50.204
41,86,104.1395,9.8440,5,343,1.0510,51.255
42,86,109.1910,9.8024,5,343,0.9874,52.242
42,86,114.2436,9.7775,5,343,0.9621,53.204
42,86,119.3017,9.8362,5,343,1.0131,54.217
42,85,124.3671,9.9174,5,343,1.0380,55.256
42,85,129.4322,9.8714,5,343,1.0362,56.292
42,85,134.4988,9.8576,5,343,1.0367,57.328
42,85,139.5564,9.8246,5,343,0.9847,58.313
43,84,144.6230,9.8628,5,343,0.9381,59.251
43,84,149.6843,9.8229,5,343,0.9640,60.215
43,84,154.7559,9.7653,5,343,0.9900,61.205
43,84,159.8147,9.8643,5,343,1.0724,62.278
43,83,164.8814,9.8076,5,343,1.0655,63.343
43,83,169.9404,9.8275,5,343,1.0436,64.387
43,83,175.0052,9.7967,5,343,1.0365,65.423
44,83,180.0689,9.8958,5,343,0.9732,66.396
44,82,185.1282,9.8057,5,343,0.9677,67.364
44,82,190.1868,9.8372,5,343,1.0621,68.426
44,82,195.2499,9.8250,5,343,1.0525,69.478
44,82,200.3066,9.8321,5,343,0.9829,70.461
44,81,205.3746,9.8727,5,343,0.9323,71.394
44,81,210.4478,9.8207,5,343,0.9960,72.390
45,81,215.5228,9.8603,5,343,1.0126,73.402
45,81,220.5967,9.8243,5,343,1.0457,74.448
45,80,225.6627,9.7591,5,343,1.0093,75.457
45,80,230.7236,9.8276,5,343,0.9985,76.456
45,80,235.7912,9.8168,5,343,1.0090,77.465
45,80,240.8553,9.7945,5,343,1.0510,78.516
45,79,245.9348,9.7866,5,343,0.9819,79.498
46,79,251.0066,9.7953,5,343,0.9962,80.494
46,79,256.0690,9.8243,5,343,0.9806,81.474
46,79,261.1416,9.8125,5,343,1.0067,82.481
46,78,266.2073,9.7401,5,343,1.0661,83.547
46,78,271.2795,9.8039,5,343,1.0405,84.588
46,78,276.3462,9.8801,5,343,0.9550,85.543
46,78,281.4070,9.8394,5,343,0.9817,86.524
47,77,286.4721,9.7862,5,343,0.9842,87.508
47,77,291.5429,9.8172,5,343,1.0854,88.594
47,77,296.6173,9.8536,5,343,1.0178,89.612
47,77,301.6947,9.8354,5,343,0.9491,90.561
47,76,306.7610,9.8861,5,343,1.0455,91.606
47,76,311.8388,9.8472,5,343,0.9974,92.604
47,76,316.9146,9.7637,5,343,1.0363,93.640
48,76,321.9875,9.8216,5,343,0.9585,94.599
48,75,327.0523,9.8081,5,343,0.9919,95.590
48,75,332.1235,9.8229,5,343,0.9995,96.590
48,75,337.1744,9.9476,5,343,1.0458,97.636
48,75,342.2601,9.8401,5,343,0.9742,98.610
48,74,347.3182,9.8048,5,343,1.0214,99.631
48,74,352.4037,9.7894,5,343,1.0596,100.691
49,74,357.4856,9.8393,5,343,0.9701,101.661
49,74,362.5534,9.8975,5,343,1.0184,102.679
49,73,367.6335,9.8193,5,343,0.9797,103.659
49,73,372.7204,9.8274,5,343,0.9800,104.639
49,73,377.7878,9.8084,5,343,0.9844,105.624
49,73,382.8651,9.8530,5,343,1.0349,106.658
49,72,387.9533,9.8160,5,343,1.0085,107.667
50,72,393.0112,9.7861,5,343,1.0014,108.668
50,72,398.1075,9.8369,5,343,1.0317,109.700
50,72,403.1770,9.7550,5,343,1.0500,110.750
50,71,408.2524,9.8102,5,343,1.0232,111.773
50,71,413.3326,9.7518,5,343,0.9849,112.758
50,71,418.4125,9.8506,5,343,0.9631,113.721
50,71,423.4654,9.8140,5,343,1.0024,114.724
51,70,428.5584,9.8382,5,343,0.9975,115.721
51,70,433.6291,9.8446,5,343,1.0757,116.797
51,70,438.7044,9.8216,5,343,1.0406,117.837
51,70,443.7960,9.8018,5,343,0.9556,118.793
51,69,448.8843,9.7861,5,343,0.9722,119.765
51,69,453.9557,9.8604,5,343,0.9904,120.756
51,69,459.0448,9.8589,5,343,1.0488,121.804
52,69,464.1306,9.8172,5,343,1.0298,122.834
52,68,469.2073,9.8166,5,343,1.0311,123.865
52,68,474.2809,9.7461,5,343,0.9986,124.864
52,68,479.3683,9.8334,5,343,0.9622,125.826
52,68,484.4464,9.8700,5,343,1.0501,126.876
52,67,489.5384,9.7972,5,343,0.9761,127.852
52,67,498.6266,9.7586,4,343,0.9411,128.793
53,66,498.6266,9.8346,0,196,5.1746,133.968
53,66,498.7107,9.7521,0,186,1.0416,135.010
53,66,500.1507,9.9044,1,174,0.9971,136.007
53,65,502.4905,9.9266,2,176,1.0143,137.021
52,65,505.7415,9.8025,3,168,0.9808,138.002
52,65,509.7210,9.7777,4,174,0.9818,138.983
52,65,513.9302,9.8559,4,173,0.9280,139.911
52,64,518.4317,9.8180,4,174,0.9952,140.907
52,64,523.1608,9.7942,4,174,1.0351,141.942
52,64,528.0472,9.7932,4,174,1.0018,142.944
52,64,533.0331,9.8342,5,174,1.0316,143.975
52,63,538.1011,9.7144,5,174,1.0582,145.033
52,63,543.2015,9.8569,5,174,0.9923,146.026
52,63,548.3250,9.8076,5,174,0.9884,147.014
52,63,553.4663,9.8134,5,174,1.0087,148.023
52,62,558.6201,9.8275,5,175,1.0249,149.048
52,62,563.7782,9.7562,5,175,1.0193,150.067
52,62,568.9274,9.8212,5,175,1.0180,151.085
52,62,574.0851,9.8530,5,175,0.9292,152.014
52,61,579.2303,9.7691,5,175,0.9693,152.983
52,61,584.3971,9.8048,5,175,1.0498,154.033
52,61,589.5646,9.8245,5,175,1.0333,155.066
52,61,594.7454,9.7684,5,175,1.0764,156.143
52,60,599.8952,9.8396,5,175,1.0132,157.156
52,60,605.0721,9.7537,5,175,0.9543,158.110
52,60,610.2346,9.8222,5,175,1.0296,159.140
52,60,615.4119,9.7999,5,175,0.9990,160.139
52,59,620.5725,9.8896,5,175,1.0495,161.188
52,59,625.7281,9.8561,5,175,0.9833,162.172
52,59,630.9068,9.8221,5,175,1.0032,163.175
52,59,636.0777,9.8038,5,175,1.0535,164.228
52,58,641.2276,9.8027,5,175,0.9417,165.170
52,58,646.4166,9.8111,5,175,0.9945,166.164
52,58,651.5600,9.7812,5,174,1.0608,167.225
52,58,656.7484,9.8090,5,175,0.9824,168.208
52,57,661.8881,9.8464,5,175,1.0352,169.243
52,57,667.0659,9.8173,5,175,0.9789,170.222
52,57,672.2257,9.7677,5,175,0.9867,171.209
53,57,677.3955,9.8488,5,175,0.9696,172.178
53,56,682.5713,9.7645,5,175,1.0418,173.220
53,56,687.7213,9.7709,5,175,1.0252,174.245
53,56,692.8915,9.7922,5,175,0.9958,175.241
52,56,698.0607,9.7480,5,175,0.9659,176.207
52,55,703.2318,9.8469,5,175,1.0080,177.215
52,55,708.3926,9.8333,5,175,1.0113,178.226
52,55,713.5626,9.8259,5,175,1.0520,179.278
52,55,718.7285,9.8831,5,175,1.0501,180.328
53,55,727.2010,9.8738,4,175,1.0300,181.358
53,53,727.2010,9.8373,0,3,4.9226,186.281
53,53,727.4178,9.8234,0,5,1.0291,187.310
53,53,729.1274,9.9609,1,0,1.0415,188.352
53,53,731.7804,9.8937,2,355,1.0962,189.448
53,52,735.3173,9.8301,3,354,1.0076,190.455
53,52,739.3209,9.7738,4,356,1.0213,191.477
53,52,743.5480,9.8684,4,357,0.9970,192.474
53,52,748.0522,9.8273,4,356,0.9509,193.425
53,51,752.7412,9.8376,4,356,0.9342,194.359
53,51,757.5724,9.8221,4,356,0.9834,195.342
53,51,762.4969,9.7625,4,356,1.0244,196.367
52,51,767.4960,9.8054,5,356,1.0721,197.439
52,50,772.5326,9.8148,5,356,1.0182,198.457
52,50,784.3062,9.9255,5,356,0.9852,199.442
53,49,784.3062,9.8681,0,167,6.0908,205.533
53,48,784.9395,9.7972,1,173,0.9920,206.525
53,48,786.8528,9.8663,2,173,1.0291,207.554
53,48,789.7174,9.9327,3,178,0.9655,208.520
53,48,793.4580,9.8353,3,176,0.9692,209.489
52,48,797.6026,9.7890,4,174,1.0306,210.519
52,47,801.9819,9.8993,4,173,1.0135,211.533
52,47,806.6194,9.8108,4,173,1.0413,212.574
52,47,811.4401,9.8180,4,173,0.9510,213.525
52,47,816.3998,9.7868,4,173,0.9976,214.523
52,46,821.4315,9.7944,5,173,1.0020,215.525
52,46,826.5323,9.7637,5,173,1.0440,216.569
52,46,831.6689,9.8343,5,173,1.0792,217.648
52,46,836.8203,9.8478,5,173,1.0391,218.687
52,45,841.9823,9.8345,5,173,0.9620,219.649
52,45,847.1646,9.8136,5,174,1.0101,220.659
52,45,852.3442,9.8479,5,174,1.0222,221.681
52,45,857.5255,9.8244,5,174,0.9502,222.632
52,44,862.7132,9.8443,5,174,0.9680,223.600
52,44,867.8992,9.8177,5,174,0.9819,224.582
52,44,873.0846,9.8234,5,174,1.0324,225.614
52,44,878.2726,9.7657,5,174,1.0351,226.649
52,43,883.4672,9.8595,5,174,1.0365,227.686
52,43,888.6573,9.7959,5,174,1.0143,228.700
52,43,893.8411,9.7835,5,174,0.9670,229.667
52,43,899.0189,9.7572,5,174,0.9824,230.649
52,42,904.2113,9.8531,5,174,1.0071,231.656
52,42,909.3895,9.8748,5,174,1.0437,232.700
52,42,914.5830,9.8116,5,174,1.0154,233.716
52,42,919.7596,9.8500,5,174,1.0391,234.755
52,41,924.9403,9.7668,5,174,0.9786,235.733
53,41,930.1093,9.8188,5,174,0.9428,236.676
53,41,935.2819,9.8256,5,174,1.0136,237.690
53,41,940.4571,9.8435,5,174,1.0389,238.728
52,40,945.6322,9.7963,5,174,1.0331,239.762
52,40,950.8025,9.7714,5,174,1.0025,240.764
52,40,955.9709,9.8852,5,174,0.9684,241.732
52,40,961.1330,9.8399,5,174,1.0063,242.739
52,39,966.3010,9.8888,5,174,1.0085,243.747
52,39,971.4647,9.8117,5,174,1.0134,244.761
52,39,976.6243,9.7903,5,174,1.0006,245.761
52,39,981.7717,9.7880,5,174,1.0335,246.795
52,38,986.9327,9.8687,5,174,0.9761,247.771
52,38,992.0862,9.7718,5,174,0.9984,248.769
52,38,997.2388,9.8060,5,174,1.0293,249.799
52,38,1002.3938,9.7726,5,174,0.9999,250.798
52,37,1007.5488,9.8278,5,174,0.9821,251.781
52,37,1012.6994,9.8651,5,174,0.9794,252.760
52,37,1017.8450,9.7946,5,174,0.9846,253.745
53,37,1022.9930,9.7686,5,174,1.0126,254.757
53,36,1028.1343,9.8257,5,174,1.0412,255.798
53,36,1033.2715,9.8563,5,174,1.0318,256.830
53,36,1038.4069,9.8401,5,174,1.0032,257.833
53,36,1043.5405,9.8231,5,174,0.9788,258.812
53,35,1048.6711,9.8563,5,174,1.0034,259.816
53,35,1053.8042,9.8580,5,174,0.9963,260.812
52,35,1058.9359,9.8215,5,174,1.0389,261.851
52,35,1064.0645,9.8092,5,174,1.0196,262.870
52,34,1069.1940,9.8734,5,174,0.9863,263.857
52,34,1074.3253,9.8315,5,174,0.9428,264.799
52,34,1079.4473,9.8594,5,174,0.9833,265.783
52,34,1084.5779,9.7716,5,174,1.0315,266.814
52,33,1089.7029,9.8763,5,174,1.0359,267.850
53,33,1094.8220,9.8581,5,174,1.0457,268.896
53,33,1099.9348,9.7757,5,174,0.9996,269.895
53,33,1105.0510,9.7750,5,174,0.9992,270.895
53,33,1110.1555,9.8281,5,174,0.9724,271.867
52,32,1115.2697,9.8560,5,174,0.9530,272.820
52,32,1120.3774,9.8088,5,174,0.9838,273.804
52,32,1125.4746,9.8350,5,174,0.9991,274.803
52,32,1130.5780,9.8289,5,174,1.0291,275.832
52,31,1135.6857,9.7718,5,174,1.0619,276.894
52,31,1140.7893,9.8448,5,174,1.0366,277.931
52,31,1145.8960,9.8500,5,174,1.0042,278.935
52,31,1151.0072,9.7755,5,174,0.9946,279.929
52,30,1156.1135,9.8271,5,174,0.9679,280.897
52,30,1161.2170,9.8365,5,174,1.0399,281.937
52,30,1166.3082,9.8500,5,174,0.9693,282.906
52,30,1171.4010,9.8673,5,174,0.9899,283.896
52,29,1176.4895,9.7886,5,174,1.0206,284.917
52,29,1181.5773,9.8535,5,174,1.0826,286.000
52,29,1186.6724,9.7436,5,174,1.0461,287.046
52,29,1191.7701,9.8197,5,174,1.0638,288.109
52,28,1196.8484,9.8516,5,174,1.0373,289.147
53,28,1201.9182,9.8131,5,174,0.9989,290.146
53,28,1206.9960,9.8318,5,174,0.9709,291.117
53,28,1212.0806,9.7758,5,174,0.9533,292.070
53,27,1217.1559,9.8318,5,174,1.0013,293.071
53,27,1222.2410,9.8422,5,174,0.9855,294.057
53,27,1227.3218,9.8390,5,174,1.0493,295.106
53,27,1232.4009,9.8093,5,174,1.0417,296.148
53,26,1237.4760,9.7919,5,174,0.9829,297.131
53,26,1242.5596,9.7744,5,174,1.0140,298.145
53,26,1247.6252,9.8393,5,174,1.0104,299.155
53,26,1252.6936,9.8131,5,174,1.0244,300.179
53,25,1257.7617,9.8749,5,174,0.9654,301.145
53,25,1262.8213,9.8327,5,174,1.0324,302.177
53,25,1267.8812,9.7807,5,174,1.0770,303.254
53,25,1276.7087,9.7733,5,174,0.9835,304.238
53,23,1276.9138,9.8345,0,300,6.0994,310.337
53,23,1278.0560,9.8834,1,315,0.9489,311.286
53,23,1280.0046,9.8490,2,314,0.9930,312.279
53,23,1282.8533,9.9005,2,307,1.0051,313.284
53,22,1286.5367,9.9019,3,313,1.0183,314.302
53,22,1290.5891,9.7964,4,312,1.0553,315.358
53,22,1294.8154,9.8014,4,313,0.9911,316.349
53,22,1299.2811,9.8646,4,313,0.9942,317.343
53,21,1303.9153,9.7945,4,312,1.0461,318.389
53,21,1308.6752,9.8575,4,312,0.9442,319.333
53,21,1313.5078,9.7663,4,311,1.0397,320.373
53,21,1318.4064,9.8284,4,311,1.0168,321.390
53,20,1323.3318,9.7918,4,311,0.9786,322.368
52,20,1328.2780,9.8307,4,310,1.0232,323.391
52,20,1333.2418,9.8130,4,310,1.0274,324.419
52,20,1334.3351,9.4199,4,310,1.0043,325.423
52,19,1334.3351,9.3619,2,311,0.9517,326.375
50,19,1334.3351,9.9399,0,314,0.9933,327.368
49,19,1334.3351,9.8469,0,313,0.9802,328.348
47,19,1334.3351,9.7987,0,145,1.0463,329.395
35,17,1334.3351,9.8382,0,19,8.0586,337.453
34,17,1334.3351,9.7966,0,354,1.0173,338.470
32,17,1334.3351,9.8202,0,322,0.9999,339.470
31,16,1334.3351,9.8219,0,354,1.0022,340.472
29,16,1334.3351,9.8347,0,286,1.0359,341.508
28,16,1334.3351,9.8647,0,355,1.0173,342.526
26,16,1334.3351,9.8066,0,16,0.9473,343.473
25,15,1334.3351,9.8010,0,143,0.9623,344.435
23,15,1334.3351,9.8193,0,136,1.0205,345.456
22,15,1334.3351,9.8153,0,122,1.0079,346.464
17,14,1334.3351,9.8633,0,287,3.1091,349.573
16,14,1334.3351,9.7794,0,209,0.9916,350.564
14,14,1334.3351,9.8159,0,88,0.9712,351.535
13,14,1334.3351,10.1051,0,7,1.0039,352.539
12,13,1334.3351,10.6492,0,64,1.0242,353.564
10,13,1334.3351,9.7703,0,309,4.0360,357.600
9,12,1334.3351,9.8480,0,10,1.0141,358.614
9,12,1334.3351,9.8657,0,159,1.0042,359.618
8,12,1334.3351,9.8157,0,281,0.9719,360.590
8,12,1334.3351,9.8536,0,182,1.0131,361.603
7,11,1334.3351,9.8037,0,245,1.0156,362.618
7,11,1334.3351,9.8316,0,347,1.0278,363.646
6,11,1334.3351,9.7722,0,77,0.9666,364.613
6,11,1334.3351,9.8232,0,70,1.0021,365.615
5,11,1334.3351,9.8152,0,16,1.0146,366.630
5,10,1334.3351,9.8420,0,74,1.0289,367.658
4,10,1334.3351,9.7810,0,154,0.9894,368.648
3,9,1334.3351,9.8325,0,306,2.9699,371.618
2,9,1334.3351,9.8315,0,54,1.0551,372.673
2,9,1334.3351,9.0390,0,6,1.0891,373.762
2,9,1334.3351,9.8208,0,84,1.0128,374.775
2,9,1334.3351,9.8173,0,270,0.9782,375.753
2,9,1334.3351,9.8159,0,270,0.9926,376.746
2,9,1334.3351,9.8168,0,270,0.9662,377.712
2,9,1334.3351,9.8174,0,270,1.0006,378.712
2,9,1334.3351,9.8162,0,270,1.0198,379.732
2,9,1334.3351,9.8178,0,270,1.0532,380.785
2,9,1334.3351,9.8179,0,270,1.0131,381.798
2,9,1334.3351,9.8168,0,270,1.0095,382.808
2,9,1334.3351,9.8151,0,270,0.9847,383.793
2,9,1334.3351,9.8166,0,270,1.0131,384.806
2,9,1334.3351,9.8169,0,270,1.0245,385.830
2,9,1334.3351,9.8168,0,270,0.9694,386.800
2,9,1334.3351,9.8157,0,270,1.0141,387.814
2,9,1334.3351,9.8166,0,270,1.0332,388.847
2,9,1334.3351,9.8178,0,270,1.0367,389.884
2,9,1334.3351,9.8169,0,270,1.0103,390.894
2,9,1334.3351,9.8174,0,270,0.9554,391.849
2,9,1334.3351,9.8182,0,270,0.9806,392.830
2,9,1334.3351,9.8181,0,270,0.9839,393.814
