altitude,battery,distance,accel,speed,course,timeChange,flightTime
4,99,4.6882,9.7703,0,274,0.9465,0.946
7,98,7.0833,9.7911,0,261,0.9840,1.930
9,98,9.4596,9.8335,0,290,1.0206,2.951
11,98,11.8410,9.8035,0,281,1.0244,3.975
16,97,16.5898,9.8308,0,65,2.0810,6.056
18,97,18.9549,9.8329,0,37,0.9967,7.053
21,97,21.3286,9.7849,0,127,1.0157,8.068
23,96,23.6942,9.7833,0,98,0.9291,8.998
26,96,26.0598,9.8395,0,113,1.0367,10.034
28,96,28.4163,9.8454,0,93,1.0307,11.065
30,96,30.7725,9.7920,0,320,1.0041,12.069
39,94,39.7065,9.5564,0,319,4.9822,17.051
39,94,39.8604,9.7107,0,295,1.0553,18.107
39,94,39.9209,9.7795,0,258,1.0730,19.180
39,93,39.9567,9.8175,0,149,3.9772,23.157
39,93,39.9608,9.8265,0,327,1.0341,24.191
39,92,39.9675,9.7990,0,26,2.0193,26.210
39,92,39.9720,9.8386,0,37,1.0662,27.276
39,91,39.9857,9.8211,0,206,3.9627,31.239
39,91,39.9853,9.8159,0,249,1.0282,32.267
39,90,39.9875,9.8667,0,92,2.0104,34.278
39,90,39.9865,9.8151,0,20,0.9977,35.275
39,90,39.9832,9.8441,0,79,1.0161,36.291
39,90,39.9839,9.8722,0,355,1.0472,37.339
39,89,39.9878,9.8185,0,110,2.9638,40.302
39,89,39.9873,9.8179,0,109,0.9595,41.262
39,89,39.9903,9.7943,0,339,0.9691,42.231
39,88,39.9914,9.8208,0,56,1.0832,43.314
39,88,39.9902,9.8182,0,264,1.0772,44.391
39,88,40.2616,9.9419,0,281,2.0139,46.405
40,87,41.2286,9.8807,1,280,0.9786,47.384
40,87,42.8342,10.0083,1,274,1.0264,48.410
40,87,45.3011,10.0624,2,281,0.9715,49.382
40,87,48.6279,9.8864,3,280,1.0018,50.383
41,86,52.6731,9.6884,4,279,1.0543,51.438
41,86,56.9371,9.7423,4,278,0.9876,52.425
42,86,61.3615,9.9271,4,278,1.0341,53.460
42,86,65.9950,9.8674,4,277,0.9924,54.452
43,85,70.7757,9.8674,4,277,1.0438,55.496
43,85,75.6446,9.8264,4,277,0.9358,56.432
43,85,80.5833,9.8703,4,277,0.9328,57.364
44,85,85.5643,9.8261,4,277,0.9705,58.335
44,84,90.5834,9.7740,4,278,1.0319,59.367
45,84,95.6069,9.8531,5,278,1.0471,60.414
45,84,100.6482,9.8226,5,278,1.0912,61.505
45,84,105.6902,9.8226,5,278,0.9883,62.493
46,83,110.7403,9.8044,5,278,1.0412,63.535
46,83,115.7932,9.8982,5,278,0.9855,64.520
47,83,120.8435,9.8223,5,278,0.9353,65.455
47,83,125.8920,9.8338,5,278,1.0151,66.470
47,82,130.9437,9.8304,5,278,1.0499,67.520
48,82,135.9927,9.8445,5,278,1.0365,68.557
48,82,141.0484,9.8712,5,278,0.9717,69.528
49,82,146.1097,9.8344,5,278,1.0514,70.580
49,81,151.1692,9.8590,5,278,1.0483,71.628
50,81,156.2286,9.8292,5,278,1.0154,72.643
50,81,161.2796,9.7534,5,278,0.9427,73.586
50,81,166.3251,9.8397,5,278,0.9726,74.559
51,80,171.3715,9.8116,5,278,1.0619,75.621
51,80,176.4205,9.8033,5,278,0.9724,76.593
52,80,181.4857,9.7699,5,278,0.9981,77.591
52,80,186.5397,9.7914,5,278,0.9918,78.583
52,79,191.5920,9.8172,5,278,1.0688,79.652
53,79,196.6435,9.8152,5,278,1.0679,80.720
53,79,201.6938,9.7327,5,278,1.0046,81.724
54,79,206.7423,9.8016,5,278,1.0132,82.737
54,78,211.7914,9.8664,5,278,0.9796,83.717
55,78,216.8354,9.8380,5,278,0.9244,84.641
55,78,221.8763,9.7714,5,278,0.9878,85.629
55,78,226.9178,9.8231,5,278,1.0443,86.674
56,77,231.9641,9.8497,5,278,1.0360,87.710
56,77,237.0159,9.8471,5,278,1.0716,88.781
57,77,242.0617,9.8967,5,278,0.9775,89.759
57,77,247.1165,9.8628,5,278,1.0318,90.791
57,76,252.1668,9.7773,5,278,1.0151,91.806
58,76,257.2235,9.8233,5,278,0.9315,92.737
58,76,262.2701,9.8264,5,278,0.9651,93.702
59,76,267.3151,9.8160,5,278,0.9885,94.691
59,75,272.3569,9.9521,5,278,0.9683,95.659
59,75,277.3971,9.8319,5,278,1.0609,96.720
60,75,282.4365,9.8067,5,278,1.1248,97.845
60,75,287.4944,9.7811,5,278,1.0161,98.861
61,74,292.5395,9.8364,5,278,0.9711,99.832
61,74,297.5923,9.8949,5,278,0.9758,100.808
62,74,302.6329,9.8203,5,278,1.0090,101.817
62,74,307.6931,9.8214,5,278,1.0618,102.878
62,73,312.7447,9.8048,5,278,1.0351,103.914
63,73,317.8012,9.8472,5,278,0.9700,104.884
63,73,322.8566,9.8260,5,278,0.9214,105.805
64,73,327.9112,9.7815,5,278,1.0662,106.871
64,72,332.9675,9.8349,5,278,0.9963,107.867
64,72,338.0251,9.7469,5,278,1.0358,108.903
65,72,343.0828,9.8194,5,278,0.9873,109.891
65,72,348.1368,9.7485,5,278,0.9724,110.863
66,71,353.1926,9.8569,5,278,1.0570,111.920
66,71,358.2440,9.8018,5,278,1.0568,112.977
66,71,363.3012,9.8477,5,278,1.0433,114.020
67,71,368.3570,9.8453,5,278,0.9554,114.976
67,70,373.4161,9.8354,5,278,0.9763,115.952
68,70,378.4727,9.8052,5,278,0.9840,116.936
68,70,383.5371,9.7958,5,278,1.0080,117.944
69,70,388.5964,9.8592,5,278,1.0230,118.967
69,69,393.6580,9.8604,5,278,1.0209,119.988
69,69,398.7165,9.8252,5,278,1.0648,121.053
70,69,403.7661,9.8097,5,278,0.9377,121.990
70,69,408.8232,9.7613,5,278,1.0192,123.009
71,68,413.8761,9.8225,5,278,1.0270,124.036
71,68,418.9350,9.8625,5,278,1.0040,125.040
71,68,424.0040,9.7869,5,278,1.0073,126.048
72,68,429.0645,9.8206,5,278,0.9721,127.020
72,67,429.0645,9.4605,4,278,1.0551,128.075
72,67,429.2984,9.7459,3,286,0.9782,129.053
72,67,430.4741,9.8107,3,301,0.9989,130.052
72,67,432.5323,9.7429,2,330,1.0116,131.064
72,66,435.3409,9.7570,3,345,1.0575,132.121
71,66,438.9258,9.7042,3,357,1.0278,133.149
71,66,442.9349,10.0000,4,3,1.0165,134.165
70,66,447.0612,9.8995,4,8,0.9267,135.092
70,65,451.4048,9.7694,4,10,0.9958,136.088
70,65,455.9306,9.7764,4,11,1.0789,137.167
69,65,460.5852,9.8519,4,11,1.0312,138.198
69,65,465.3430,9.7905,4,11,0.9755,139.174
69,64,470.1599,9.7849,4,11,1.0171,140.191
68,64,475.0201,9.7816,4,10,0.9944,141.185
68,64,479.9018,9.8227,4,9,0.9974,142.183
68,64,484.8195,9.7150,4,9,0.9746,143.157
67,64,489.7492,9.8408,4,8,1.0705,144.228
67,63,494.6843,9.8192,4,8,0.9926,145.220
66,63,499.6267,9.8033,4,8,1.0073,146.227
66,63,504.5798,9.8374,4,7,0.9898,147.217
66,63,509.5348,9.7473,4,7,0.9719,148.189
65,62,514.4810,9.8322,4,7,0.9624,149.152
65,62,519.4394,9.8477,4,7,1.0986,150.250
64,62,524.3913,9.7886,4,7,1.0425,151.293
64,62,529.3506,9.8064,4,7,1.0052,152.298
64,61,534.3200,9.8445,4,7,1.0004,153.298
63,61,539.2926,9.7643,4,7,0.9778,154.276
63,61,544.2492,9.8423,4,8,1.0022,155.278
62,61,549.2189,9.7564,4,7,1.0548,156.333
62,60,554.1856,9.8377,4,8,1.0382,157.371
62,60,559.1575,9.7946,4,8,1.0117,158.383
61,60,564.1196,9.9050,4,7,0.9258,159.309
61,60,569.0940,9.8461,4,8,0.9870,160.296
61,59,574.0629,9.8417,4,8,1.0537,161.349
60,59,579.0458,9.7924,4,7,1.0551,162.404
60,59,584.0171,9.8163,4,8,1.0239,163.428
59,59,588.9965,9.7976,4,7,0.9525,164.381
59,58,593.9623,9.7794,4,7,0.9703,165.351
59,58,598.9451,9.7948,4,7,0.9959,166.347
58,58,603.9147,9.8406,4,7,1.0724,167.419
58,58,608.8965,9.8052,4,8,1.0709,168.490
57,57,613.8693,9.7568,4,8,0.9817,169.472
57,57,618.8571,9.8556,4,8,0.9699,170.442
57,57,623.8448,9.7531,4,8,0.9718,171.413
56,57,628.8278,9.7833,4,7,1.0478,172.461
56,57,633.8165,9.7750,4,8,1.0614,173.523
55,56,638.7971,9.7643,4,8,0.9660,174.489
55,56,643.7808,9.8470,4,8,0.9267,175.415
55,56,648.7521,9.8474,4,8,1.0238,176.439
54,56,653.7310,9.8183,4,7,0.9701,177.409
54,55,658.7081,9.9032,4,8,1.0010,178.410
53,55,663.7073,9.8243,4,7,1.0725,179.483
53,55,668.6978,9.8222,5,7,1.0466,180.529
53,55,673.6888,9.8726,4,8,1.0834,181.613
52,54,678.6827,9.8401,4,7,1.0863,182.699
52,54,683.6736,9.8435,4,8,1.0019,183.701
51,54,688.6674,9.7955,4,7,0.9479,184.649
51,54,693.6697,9.7815,5,7,0.9453,185.594
51,53,698.6541,9.9297,4,8,0.9589,186.553
50,53,703.6634,9.7978,4,7,1.0260,187.579
50,53,708.6508,9.8103,4,7,1.0119,188.591
49,53,713.6489,9.7726,4,7,1.0285,189.619
49,52,718.6344,9.8546,4,7,1.0638,190.683
49,52,723.6256,9.8073,4,7,1.0083,191.691
48,52,728.6193,9.8271,5,7,0.9931,192.685
48,52,733.6122,9.8092,4,7,0.9818,193.666
47,51,738.6069,9.7476,4,7,1.0002,194.666
47,51,743.6111,9.8080,5,8,0.9991,195.666
47,51,748.6146,9.7998,4,7,1.0355,196.701
46,51,753.6148,9.8766,4,8,1.0024,197.704
46,51,758.6206,9.8148,4,8,0.9739,198.677
45,50,763.6290,9.7621,4,7,1.0231,199.701
45,50,768.6479,9.8355,5,8,1.0074,200.708
45,50,775.1482,10.1342,4,8,1.0092,201.717
45,49,775.1482,10.0449,0,125,5.2088,206.926
45,48,776.1284,10.0109,1,150,1.0122,207.938
45,48,778.0170,10.1003,1,149,0.9770,208.915
46,48,780.9099,10.2404,2,142,0.9874,209.903
47,48,784.7154,9.8114,3,149,0.9863,210.889
48,47,788.8519,9.5471,4,148,0.9978,211.887
49,47,793.0979,9.8336,4,148,0.9913,212.878
49,47,797.6500,9.8093,4,148,0.9921,213.870
50,47,802.4316,9.8269,4,148,1.0004,214.870
51,46,807.3655,9.8535,4,147,1.0412,215.912
52,46,812.3962,9.8977,4,147,1.0612,216.973
53,46,817.4811,9.8591,5,147,1.0246,217.997
53,46,822.6156,9.8489,5,147,0.9849,218.982
54,45,827.7662,9.8790,5,146,1.0052,219.987
55,45,832.9277,9.8289,5,146,0.9739,220.961
56,45,838.1085,9.8707,5,146,0.9733,221.935
57,45,843.3013,9.7955,5,146,1.0293,222.964
58,44,848.4974,9.8582,5,146,1.0096,223.974
59,44,853.6978,9.7426,5,146,1.0214,224.995
60,44,858.9023,9.8933,5,146,1.0380,226.033
60,44,864.1049,9.7499,5,146,1.0196,227.053
61,43,869.2940,9.7921,5,146,1.0042,228.057
62,43,874.4795,9.7036,5,146,0.9540,229.011
63,43,879.6666,9.8703,5,146,0.9923,230.003
64,42,884.8509,9.8567,5,147,1.0353,231.039
65,42,890.0377,9.8229,5,147,1.0253,232.064
66,42,895.2347,9.8333,5,146,1.0337,233.098
66,42,900.4165,9.7814,5,147,0.9830,234.081
67,41,905.5999,9.7948,5,146,1.0149,235.095
68,41,910.7762,9.8385,5,146,0.9598,236.055
69,41,915.9662,9.8132,5,146,1.0466,237.102
70,41,921.1494,9.8177,5,146,1.0987,238.201
71,40,926.3361,9.7357,5,146,0.9863,239.187
72,40,931.5089,9.9158,5,146,0.9662,240.153
73,40,936.6833,9.8300,5,147,1.0470,241.200
73,40,941.8625,9.9306,5,146,1.0495,242.250
74,39,941.8625,9.3618,4,146,0.9535,243.203
74,39,942.5360,9.7746,3,138,0.9572,244.160
75,39,943.8476,9.9603,2,120,0.9321,245.092
75,39,945.9579,9.9466,2,90,0.9885,246.081
75,38,948.8275,9.8886,3,76,1.0160,247.097
75,38,952.5274,9.8435,3,66,1.1035,248.200
75,38,956.6850,9.7186,4,61,1.0727,249.273
75,38,961.0043,9.8135,4,58,1.0018,250.275
76,37,965.5776,9.8831,4,56,1.0056,251.280
76,37,970.3404,9.7952,4,56,1.0035,252.284
76,37,975.2391,9.7757,4,56,0.9414,253.225
76,37,980.2218,9.8143,4,56,0.9736,254.199
76,36,985.2458,9.8696,5,56,0.9730,255.172
77,36,990.3093,9.8247,5,57,0.9824,256.154
77,36,995.3909,9.8217,5,57,1.0737,257.228
77,36,1000.4837,9.8597,5,57,1.0686,258.297
77,35,1005.5888,9.8304,5,58,1.0147,259.311
77,35,1010.6936,9.8117,5,58,1.0557,260.367
78,35,1015.8032,9.8053,5,59,0.9229,261.290
78,35,1020.9142,9.8583,5,59,0.9874,262.277
78,34,1026.0223,9.8469,5,59,1.0337,263.311
78,34,1031.1229,9.8497,5,59,1.0308,264.342
78,34,1036.2292,9.7805,5,59,0.9944,265.336
79,34,1041.3336,9.8718,5,59,1.0450,266.381
79,33,1046.4390,9.8697,5,59,0.9178,267.299
79,33,1051.5381,9.7704,5,59,1.0056,268.305
79,33,1056.6398,9.7776,5,59,1.0155,269.320
79,33,1061.7330,9.8462,5,59,1.0358,270.356
80,33,1066.8354,9.8622,5,59,1.0659,271.422
80,32,1071.9298,9.8092,5,59,1.0298,272.452
80,32,1077.0172,9.8317,5,59,0.9372,273.389
80,32,1082.1018,9.8436,5,59,0.9468,274.336
80,32,1087.1962,9.7607,5,59,1.0158,275.352
80,31,1092.2788,9.8512,5,59,1.0122,276.364
81,31,1097.3594,9.8492,5,59,1.0413,277.405
81,31,1102.4583,9.7772,5,59,1.0553,278.460
81,31,1107.5432,9.8154,5,59,1.0049,279.465
81,30,1112.6261,9.8435,5,59,1.0107,280.476
81,30,1117.7057,9.8435,5,59,0.9755,281.452
82,30,1122.7833,9.8634,5,59,0.9656,282.417
82,30,1127.8571,9.7836,5,59,0.9760,283.393
82,29,1132.9282,9.8538,5,59,1.0057,284.399
82,29,1138.0078,9.7404,5,59,1.0592,285.458
82,29,1143.0789,9.8206,5,59,1.0468,286.505
83,29,1148.1459,9.8455,5,59,1.0265,287.531
83,28,1153.2032,9.8160,5,59,1.0418,288.573
83,28,1158.2562,9.8235,5,59,0.9589,289.532
83,28,1163.3206,9.7800,5,59,0.9923,290.524
83,28,1170.4781,9.7634,5,59,0.9853,291.510
84,26,1170.4781,9.6862,0,153,5.1298,296.639
83,26,1171.0948,9.7771,0,199,1.0670,297.706
83,26,1172.5588,9.7699,1,197,0.9959,298.702
83,26,1174.8956,9.8240,2,195,0.9761,299.678
83,25,1178.1180,9.8048,3,194,0.9872,300.666
82,25,1182.0437,9.8778,4,196,1.0324,301.698
82,25,1186.1615,9.8032,4,196,0.9903,302.688
82,25,1190.5128,9.7982,4,196,0.9706,303.659
82,24,1195.0599,9.8517,4,196,0.9502,304.609
81,24,1199.7522,9.7843,4,195,1.0615,305.671
81,24,1204.5328,9.8095,4,195,1.0250,306.696
81,24,1209.3911,9.8030,4,195,1.0196,307.715
81,23,1214.2827,9.7894,4,194,1.0107,308.726
80,23,1219.2135,9.8457,4,194,0.9621,309.688
80,23,1224.1525,9.8124,4,194,1.0162,310.704
80,23,1229.0981,9.8506,4,194,1.0384,311.743
79,23,1234.0554,9.8736,4,194,1.0158,312.758
79,22,1239.0226,9.7990,4,194,0.9761,313.734
79,22,1243.9845,9.8086,4,194,0.9909,314.725
79,22,1248.9596,9.8515,4,194,1.0076,315.733
78,22,1253.9292,9.8024,4,194,1.0444,316.777
78,21,1258.9036,9.8428,4,194,1.0676,317.845
78,21,1263.8655,9.7645,4,194,1.0072,318.852
77,21,1268.8363,9.8135,4,194,1.0119,319.864
77,21,1273.8037,9.7888,4,194,0.9428,320.807
77,20,1278.7611,9.8179,4,194,1.0442,321.851
77,20,1283.7134,9.8082,4,194,1.0395,322.890
76,20,1288.6821,9.8701,4,194,0.9649,323.855
76,20,1293.6282,9.8239,4,194,0.9696,324.825
76,19,1298.6017,9.8254,4,194,1.0109,325.836
75,19,1303.5516,9.7801,4,194,1.0611,326.897
75,19,1308.5040,9.8275,4,194,1.0046,327.902
75,19,1313.4573,9.8810,4,194,1.0328,328.934
75,18,1318.4062,9.8392,4,194,0.9984,329.933
74,18,1323.3523,9.8243,4,194,0.9652,330.898
74,18,1328.3004,9.8194,4,194,0.9441,331.842
74,18,1333.2501,9.8898,4,194,1.0179,332.860
73,17,1338.1963,9.8626,4,194,1.0613,333.921
73,17,1343.1582,9.7882,4,194,1.0148,334.936
73,17,1344.2462,9.5811,4,194,1.0115,335.948
72,17,1344.2462,9.4024,2,195,0.9939,336.941
71,17,1344.2462,9.9554,0,197,1.0009,337.942
69,16,1344.2462,9.8663,0,198,0.9972,338.940
67,16,1344.2462,9.8464,0,20,1.0080,339.948
55,14,1344.2462,9.8624,0,233,8.0629,348.010
54,14,1344.2462,9.7789,0,203,0.9796,348.990
52,14,1344.2462,9.8139,0,253,1.0026,349.993
51,14,1344.2462,9.8301,0,231,1.0422,351.035
49,14,1344.2462,9.8087,0,254,0.9651,352.000
48,13,1344.2462,9.8662,0,308,0.9929,352.993
46,13,1344.2462,9.7743,0,308,1.0355,354.028
45,13,1344.2462,9.7587,0,303,0.9991,355.027
43,13,1344.2462,9.7771,0,3,1.0277,356.055
42,12,1344.2462,9.8465,0,316,1.0230,357.078
40,12,1344.2462,9.8694,0,24,0.9670,358.045
34,11,1344.2462,9.8304,0,248,4.0318,362.077
33,11,1344.2462,9.7738,0,290,0.9811,363.058
31,11,1344.2462,9.8223,0,320,1.0445,364.103
30,11,1344.2462,9.8147,0,265,1.0070,365.110
28,10,1344.2462,9.8394,0,304,1.0064,366.116
27,10,1344.2462,9.7847,0,19,1.0059,367.122
22,10,1344.2462,9.8313,0,151,3.0054,370.127
21,9,1344.2462,9.8305,0,320,1.0027,371.130
19,9,1344.2462,9.8126,0,220,0.9913,372.121
18,9,1344.2462,9.8719,0,348,1.0298,373.151
16,9,1344.2462,9.8021,0,328,0.9847,374.136
15,9,1344.2462,9.7860,0,225,1.0066,375.142
13,8,1344.2462,9.8562,0,285,1.0312,376.173
12,8,1344.2462,9.8389,0,324,1.0052,377.179
9,8,1344.2462,9.8187,0,302,1.9291,379.108
7,7,1344.2462,9.8137,0,341,1.0275,380.135
6,7,1344.2462,10.7387,0,70,1.0675,381.203
5,7,1344.2462,9.8978,0,110,1.0163,382.219
5,7,1344.2462,9.6798,0,3,1.0217,383.241
3,6,1344.2462,9.8325,0,197,2.9078,386.149
3,6,1344.2462,9.8307,0,220,1.0941,387.243
2,6,1344.2462,9.8105,0,224,1.0201,388.263
2,5,1344.2462,9.8070,0,280,0.9601,389.223
1,5,1344.2462,9.8560,0,272,1.0015,390.224
1,5,1344.2462,9.8187,0,304,1.0216,391.246
0,4,1344.2462,9.8098,0,319,2.9936,394.239
0,4,1344.2462,9.8893,0,305,0.9992,395.239
-2,3,1344.2462,9.8121,0,289,3.0331,398.272
-2,3,1344.2462,9.8025,0,250,1.0376,399.309
-3,3,1344.2462,9.8683,0,244,1.9872,401.297
-3,2,1344.2462,9.0634,0,185,1.0409,402.338
-3,2,1344.2462,9.8187,0,183,0.9976,403.335
-3,2,1344.2462,9.8183,0,182,0.9681,404.303
