altitude,battery,distance,accel,speed,course,timeChange,flightTime
4,99,4.9269,9.6913,0,280,1.0427,1.042
7,98,7.3045,9.8046,0,271,0.9625,2.005
9,98,9.6822,9.8134,0,283,0.9896,2.994
19,97,19.1682,9.8305,0,67,4.0470,7.041
21,97,21.5262,9.8378,0,16,1.0539,8.095
23,96,23.8930,9.7842,0,126,0.9957,9.091
26,96,26.2538,9.7860,0,93,1.0026,10.094
28,96,28.6141,9.8416,0,83,0.9599,11.053
30,96,30.9650,9.8465,0,65,1.0036,12.057
33,95,33.3165,9.7916,0,313,1.0319,13.089
39,94,39.8710,9.7592,0,322,4.9844,18.073
39,94,39.9236,9.7566,0,298,1.0321,19.105
39,93,39.9571,9.8294,0,166,4.2113,23.317
39,93,39.9618,9.8151,0,174,0.9655,24.282
39,93,39.9667,9.8255,0,325,0.9866,25.269
39,92,39.9720,9.7987,0,26,1.9537,27.222
39,92,39.9766,9.8361,0,36,1.0637,28.286
39,91,39.9870,9.8218,0,198,4.0817,32.368
39,91,39.9863,9.8152,0,247,1.0104,33.378
39,90,39.9880,9.7760,0,307,0.9116,34.290
39,90,39.9875,9.8668,0,79,0.9490,35.239
39,90,39.9866,9.8159,0,46,0.9784,36.217
39,90,39.9832,9.8431,0,81,0.9647,37.182
39,89,39.9836,9.8708,0,0,1.0226,38.205
39,89,39.9868,9.8156,0,89,4.1108,42.315
39,88,39.9899,9.7951,0,319,1.0203,43.336
39,88,39.9907,9.8215,0,45,1.1020,44.438
39,88,40.0627,9.8300,0,246,1.0596,45.497
39,88,40.4059,9.8966,0,320,0.9711,46.468
40,87,41.4894,9.8295,1,321,0.9264,47.395
40,87,43.2302,9.9785,1,315,0.9703,48.365
40,87,45.8288,9.9673,2,324,0.9768,49.342
40,87,49.3105,9.9049,3,319,1.0665,50.408
40,86,53.4248,9.7041,4,320,1.0606,51.469
41,86,57.7043,9.7486,4,319,0.9760,52.445
41,86,62.1817,9.8378,4,319,1.0491,53.494
41,86,66.8566,9.9215,4,318,0.9980,54.492
41,85,71.6645,9.8699,4,318,0.9516,55.444
42,85,76.5644,9.8597,4,318,0.9886,56.432
42,85,81.5099,9.8277,4,319,1.0363,57.469
42,85,86.5018,9.8670,4,319,1.0229,58.492
42,84,91.5161,9.8309,5,319,0.9732,59.465
43,84,96.5606,9.7677,5,319,1.0251,60.490
43,84,101.6013,9.8624,5,319,0.9895,61.479
43,84,106.6534,9.8112,5,319,1.0235,62.503
43,83,111.7006,9.8201,5,319,1.0274,63.530
44,83,116.7570,9.7966,5,319,0.9954,64.526
44,83,121.8157,9.9025,5,319,1.0115,65.537
44,83,126.8748,9.8139,5,319,1.0433,66.581
44,82,131.9263,9.8414,5,319,1.0518,67.632
44,82,136.9827,9.8199,5,319,0.9884,68.621
45,82,142.0355,9.8369,5,319,0.9380,69.559
45,82,147.1001,9.8701,5,319,1.0185,70.577
45,81,152.1710,9.8243,5,319,1.0157,71.593
45,81,157.2382,9.8663,5,319,0.9932,72.586
46,81,162.3069,9.8281,5,319,1.0620,73.648
46,81,167.3611,9.7647,5,319,0.9982,74.646
46,80,172.4200,9.8275,5,319,1.0415,75.688
46,80,177.4743,9.8196,5,319,0.9644,76.652
47,80,182.5314,9.7955,5,319,0.9639,77.616
47,80,187.5998,9.7792,5,319,1.0153,78.631
47,79,192.6677,9.7889,5,319,1.0927,79.724
47,79,197.7274,9.8271,5,319,1.0625,80.786
48,79,202.7930,9.8125,5,319,0.9364,81.723
48,79,207.8539,9.7413,5,319,1.0328,82.756
48,78,212.9147,9.7928,5,319,0.9777,83.733
48,78,217.9740,9.8726,5,319,1.0254,84.759
49,78,223.0311,9.8428,5,319,1.0185,85.777
49,78,228.0844,9.7817,5,319,1.0268,86.804
49,77,233.1411,9.8233,5,319,1.0004,87.805
49,77,238.2033,9.8497,5,319,0.9659,88.770
50,77,243.2684,9.8354,5,319,1.0032,89.774
50,77,248.3236,9.8852,5,319,1.0329,90.806
50,76,253.3895,9.8544,5,319,1.0366,91.843
50,76,258.4474,9.7695,5,319,0.9941,92.837
51,76,263.5085,9.8238,5,319,1.0119,93.849
51,76,268.5673,9.8160,5,319,0.9679,94.817
51,75,273.6277,9.8093,5,319,1.0045,95.822
51,75,278.6865,9.9543,5,319,1.0318,96.853
52,75,283.7444,9.8389,5,319,1.0230,97.876
52,75,288.8015,9.7941,5,319,0.9619,98.838
52,74,293.8683,9.7859,5,319,0.9904,99.829
52,74,298.9360,9.8407,5,319,1.0967,100.925
53,74,303.9987,9.8967,5,319,1.0229,101.948
53,74,309.0629,9.8221,5,319,0.9639,102.912
53,73,314.1348,9.8236,5,319,0.9940,103.906
53,73,319.1996,9.8095,5,319,0.9765,104.883
54,73,324.2651,9.8500,5,319,1.0044,105.887
54,73,329.3307,9.8152,5,319,1.0175,106.905
54,72,334.3956,9.7829,5,319,1.0478,107.953
54,72,339.4644,9.8388,5,319,1.0161,108.969
55,72,344.5336,9.7470,5,319,1.0146,109.983
55,72,349.6002,9.8088,5,319,0.9921,110.975
55,71,354.6683,9.7586,5,319,1.0009,111.976
55,71,359.7289,9.8581,5,319,1.0461,113.022
56,71,364.7888,9.8096,5,319,0.9590,113.981
56,71,369.8528,9.8415,5,319,1.0443,115.026
56,70,374.9155,9.8451,5,319,1.0006,116.026
56,70,379.9840,9.8250,5,319,1.0286,117.055
56,70,385.0461,9.8086,5,319,1.0169,118.072
57,70,390.1173,9.7857,5,319,0.9016,118.973
57,69,395.1866,9.8653,5,319,0.9885,119.962
57,69,400.2512,9.8508,5,319,1.0227,120.984
57,69,405.3238,9.8204,5,319,1.0294,122.014
58,69,410.3898,9.8076,5,319,1.0653,123.079
58,68,415.4525,9.7509,5,319,1.0302,124.109
58,68,420.5139,9.8311,5,319,0.9954,125.105
58,68,425.5784,9.8712,5,319,0.9647,126.069
59,68,430.6535,9.7992,5,319,0.9873,127.057
59,67,435.7303,9.8186,5,319,1.0512,128.108
59,67,440.7920,9.7408,5,319,1.0487,129.157
59,67,445.8793,9.8412,5,319,0.9713,130.128
60,67,450.9534,9.7599,5,319,0.9914,131.119
60,66,456.0168,9.8688,5,319,1.0057,132.125
60,66,461.0898,9.8371,5,319,1.0474,133.172
60,66,466.1673,9.7239,5,319,0.9741,134.146
61,66,471.2417,9.8505,5,319,1.0083,135.155
61,65,476.3083,9.9071,5,319,1.0299,136.185
61,65,481.3773,9.7562,5,319,0.9789,137.164
61,65,486.4606,9.8022,5,319,1.0837,138.247
62,65,491.5370,9.8393,5,319,0.9856,139.233
62,64,496.6403,9.8204,5,319,0.9548,140.188
62,64,501.7018,9.7936,5,319,0.9856,141.173
62,64,506.7816,9.8056,5,319,0.9862,142.160
63,64,511.8614,9.8367,5,319,1.0732,143.233
63,63,516.9390,9.7194,5,319,0.9958,144.229
63,63,522.0363,9.8654,5,319,0.9969,145.225
63,63,527.1018,9.8091,5,319,1.0056,146.231
64,63,532.1880,9.8210,5,319,1.0434,147.274
64,62,537.2698,9.8298,5,320,1.0397,148.314
64,62,542.3505,9.7760,5,319,0.9793,149.293
64,62,547.4219,9.8110,5,319,0.9795,150.273
65,62,552.5089,9.8494,5,319,1.0110,151.284
65,62,557.5822,9.7568,5,319,1.0240,152.308
65,61,562.6736,9.8077,5,319,1.0781,153.386
65,61,573.1386,9.7246,5,319,0.9952,154.381
66,60,573.1386,9.9217,0,158,6.0569,160.438
66,59,574.1368,9.9424,1,148,0.9786,161.417
66,59,576.2308,9.9232,2,148,0.9715,162.388
66,59,579.2802,9.8950,3,141,1.0533,163.442
66,59,583.1371,9.7286,4,146,1.0555,164.497
66,58,587.2806,9.7954,4,145,0.9457,165.443
67,58,591.6769,9.7922,4,146,1.0492,166.492
67,58,596.3373,9.8236,4,146,0.9605,167.453
67,58,601.1765,9.8561,4,146,0.9791,168.432
67,57,606.1392,9.8338,4,146,0.9608,169.392
67,57,611.1711,9.7770,5,146,1.0476,170.440
67,57,616.2730,9.8502,5,146,1.0563,171.496
68,57,621.3885,9.7738,5,146,1.0635,172.560
68,56,626.5226,9.7646,5,146,1.0207,173.581
68,56,631.6721,9.8003,5,146,0.9844,174.565
68,56,636.8345,9.7422,5,146,1.0295,175.594
68,56,642.0010,9.8599,5,146,0.9819,176.576
69,55,647.1609,9.8217,5,146,0.9699,177.546
69,55,652.3326,9.8192,5,146,1.0189,178.565
69,55,657.4997,9.8718,5,146,0.9982,179.563
69,55,662.6694,9.8313,5,146,1.0457,180.609
69,54,667.8365,9.8134,5,146,1.0104,181.619
70,54,673.0055,9.8807,5,146,1.0155,182.635
70,54,678.1740,9.8273,5,146,0.9751,183.610
70,54,683.3440,9.8572,5,146,0.9666,184.577
70,53,688.5114,9.7673,5,146,1.0679,185.645
71,53,693.6808,9.7889,5,146,0.9923,186.637
71,53,698.8547,9.9007,5,146,1.0311,187.668
71,53,704.0319,9.8113,5,146,1.0179,188.686
71,52,709.2067,9.7847,5,146,0.9880,189.674
71,52,714.3849,9.7894,5,146,1.0436,190.717
72,52,719.5577,9.8594,5,146,0.9747,191.692
72,52,724.7369,9.8312,5,146,0.9991,192.691
72,51,729.9186,9.8412,5,146,1.0534,193.745
72,51,735.1019,9.8335,5,146,0.9880,194.733
72,51,735.1019,9.6703,5,147,1.0425,195.775
72,51,735.4244,9.7843,4,141,1.0485,196.824
72,50,736.4514,9.9100,3,130,0.9146,197.738
72,50,738.2390,9.8321,2,100,0.9604,198.699
72,50,740.7471,9.7961,2,82,0.9818,199.680
72,50,744.0925,9.7507,3,69,0.9879,200.668
72,49,748.1064,9.9135,4,63,1.0337,201.702
71,49,752.3119,9.8214,4,59,1.0281,202.730
71,49,756.7795,9.7978,4,57,1.0643,203.794
71,49,761.4656,9.8068,4,56,1.0541,204.848
71,49,766.3015,9.7944,4,55,1.0323,205.881
71,48,771.2281,9.8094,4,55,1.0366,206.917
70,48,776.2335,9.8704,5,56,0.9835,207.901
70,48,781.2792,9.8084,5,56,0.9404,208.841
70,48,786.3594,9.7883,5,57,1.0086,209.850
70,47,791.4503,9.8939,5,57,1.0504,210.900
70,47,796.5491,9.8046,5,58,0.9882,211.888
69,47,801.6533,9.8254,5,58,1.0261,212.914
69,47,806.7646,9.7808,5,59,1.0389,213.953
69,46,811.8665,9.8045,5,59,0.9726,214.926
69,46,816.9840,9.7565,5,59,1.0026,215.929
69,46,822.1011,9.8298,5,59,0.9891,216.918
68,46,827.2191,9.8371,5,59,0.9833,217.901
68,45,832.3368,9.8321,5,59,1.0321,218.933
68,45,837.4695,9.7955,5,59,1.0995,220.033
68,45,842.5980,9.8445,5,59,1.0317,221.064
67,45,847.7295,9.8247,5,59,0.9754,222.040
67,44,852.8597,9.8333,5,59,0.9811,223.021
67,44,857.9874,9.8195,5,59,0.9838,224.005
67,44,863.1155,9.8134,5,59,1.0435,225.048
67,44,868.2451,9.7730,5,59,0.9782,226.026
66,43,873.3894,9.8575,5,59,1.0134,227.040
66,43,878.5269,9.8009,5,59,1.0040,228.044
66,43,883.6584,9.7864,5,59,1.0159,229.059
66,43,888.7892,9.7692,5,59,1.0089,230.068
65,42,893.9235,9.8498,5,59,1.0433,231.112
65,42,899.0505,9.8801,5,59,1.0124,232.124
65,42,904.1888,9.8060,5,59,1.0031,233.127
65,42,909.3118,9.8595,5,59,0.9839,234.111
65,41,914.4460,9.7683,5,59,1.0355,235.147
64,41,919.5653,9.8266,5,59,1.0706,236.217
64,41,924.6862,9.8147,5,59,1.0451,237.262
64,41,929.8116,9.8481,5,59,0.9647,238.227
64,40,934.9325,9.7892,5,59,0.9475,239.174
64,40,940.0508,9.7773,5,59,1.0131,240.188
63,40,945.1647,9.8794,5,59,1.0034,241.191
63,40,950.2764,9.8479,5,59,1.0105,242.202
63,40,955.3975,9.8837,5,59,1.0570,243.258
63,39,964.1213,9.9792,5,59,1.0162,244.275
63,38,964.2343,9.7859,0,277,6.0778,250.352
63,38,965.5672,9.8673,1,277,0.9790,251.331
63,37,967.8046,9.9883,2,276,0.9709,252.302
63,37,970.9915,9.8600,3,279,0.9255,253.228
63,37,974.9591,9.7381,4,276,1.0213,254.249
63,37,979.1473,9.8199,4,276,1.0104,255.259
63,36,983.5636,9.8717,4,276,1.0534,256.313
63,36,988.1962,9.8419,4,276,1.0356,257.348
63,36,992.9795,9.8202,4,276,0.9763,258.325
63,36,997.8613,9.8583,4,277,0.9973,259.322
63,35,1002.8165,9.8557,4,277,1.0257,260.348
63,35,1007.8149,9.8168,5,277,0.9897,261.337
63,35,1012.8416,9.8042,5,278,1.0219,262.359
63,35,1017.8885,9.8734,5,278,1.0173,263.377
63,34,1022.9427,9.8397,5,278,1.0517,264.428
64,34,1027.9984,9.8592,5,278,0.9690,265.397
64,34,1033.0607,9.7816,5,278,1.0178,266.415
64,34,1038.1240,9.8772,5,278,0.9816,267.397
64,33,1043.1848,9.8633,5,278,0.9973,268.394
64,33,1048.2332,9.7738,5,278,1.0564,269.450
64,33,1053.2847,9.7778,5,278,0.9943,270.445
64,33,1058.3284,9.8383,5,278,1.0702,271.515
64,32,1063.3835,9.8633,5,278,0.9599,272.475
64,32,1068.4397,9.8028,5,278,1.0279,273.503
64,32,1073.4869,9.8304,5,278,0.9408,274.443
64,32,1078.5388,9.8353,5,278,1.0241,275.468
64,31,1083.5942,9.7692,5,278,1.0161,276.484
64,31,1088.6442,9.8490,5,278,1.1128,277.597
64,31,1093.6918,9.8540,5,278,0.9959,278.592
65,31,1098.7391,9.7748,5,278,0.9897,279.582
65,30,1103.7900,9.8181,5,278,0.9877,280.570
65,30,1108.8325,9.8366,5,278,0.9714,281.541
65,30,1113.8740,9.8463,5,278,1.0806,282.622
65,30,1118.9144,9.8689,5,278,0.9469,283.569
65,29,1123.9536,9.7923,5,278,1.0151,284.584
65,29,1128.9971,9.8532,5,278,0.9902,285.574
65,29,1134.0365,9.7427,5,278,1.0127,286.587
65,29,1139.0797,9.8205,5,278,1.0474,287.634
65,28,1144.1127,9.8491,5,278,0.9934,288.628
65,28,1149.1338,9.8139,5,278,1.0386,289.666
65,28,1154.1611,9.8334,5,278,1.0230,290.689
65,28,1159.1908,9.7741,5,278,0.9866,291.676
66,27,1164.2191,9.8331,5,278,0.9748,292.651
66,27,1169.2610,9.8421,5,278,0.9967,293.647
66,27,1174.2908,9.8385,5,278,1.0093,294.657
66,27,1179.3237,9.8143,5,278,0.9844,295.641
66,27,1184.3586,9.7914,5,278,1.0538,296.695
66,26,1189.3967,9.7750,5,278,1.0581,297.753
66,26,1194.4182,9.8359,5,278,1.0264,298.779
66,26,1199.4550,9.8171,5,278,1.0110,299.790
66,26,1204.4607,9.8674,4,278,0.9820,300.772
66,25,1209.4958,9.8264,5,278,0.9941,301.767
66,25,1214.4961,9.7862,5,278,0.9699,302.736
66,25,1219.5344,9.7515,5,278,0.9585,303.695
66,25,1224.5410,9.8008,4,278,1.0217,304.717
66,24,1229.5977,9.8342,4,278,1.0783,305.795
67,23,1229.8398,9.8700,0,184,5.0617,310.857
67,23,1230.8267,9.8269,1,153,1.0385,311.895
67,23,1232.5327,9.9062,1,155,1.0626,312.958
67,22,1235.1560,9.9632,2,160,0.9459,313.904
67,22,1238.6727,9.8501,3,155,0.9948,314.899
67,22,1242.8116,9.7157,4,156,1.0025,315.901
67,22,1247.1053,9.8629,4,155,1.0083,316.909
67,21,1251.6174,9.7904,4,156,0.9792,317.889
68,21,1256.3199,9.8701,4,156,1.0746,318.963
68,21,1261.1309,9.7720,4,156,1.1116,320.075
68,21,1266.0354,9.8363,4,157,1.0370,321.112
68,20,1270.9862,9.7938,4,157,0.9546,322.066
68,20,1275.9612,9.8403,4,157,0.9932,323.060
68,20,1280.9619,9.8265,4,157,0.9784,324.038
69,20,1285.9836,9.8674,5,157,0.9633,325.001
69,19,1291.0209,9.8425,5,158,1.0091,326.010
69,19,1296.0492,9.8155,5,158,1.0657,327.076
69,19,1301.0779,9.8108,5,158,1.0562,328.132
69,19,1306.1031,9.8036,5,157,1.0627,329.195
69,18,1311.1259,9.8820,5,158,0.9859,330.181
70,18,1316.1567,9.8125,5,158,0.9288,331.110
70,18,1321.1791,9.8322,5,157,0.9892,332.099
70,18,1326.2209,9.8026,5,158,0.9708,333.070
70,17,1331.2462,9.8940,5,158,1.0243,334.094
70,17,1336.2766,9.8559,5,157,1.0673,335.161
70,17,1336.5767,8.9666,4,158,1.0635,336.225
70,17,1336.5767,9.4106,2,158,1.0214,337.246
68,17,1336.5767,9.9257,0,161,0.9941,338.240
66,16,1336.5767,9.8399,0,160,0.9846,339.225
65,16,1336.5767,9.8322,0,340,0.9769,340.202
53,14,1336.5767,9.8505,0,153,8.0540,348.256
51,14,1336.5767,9.8647,0,151,1.0391,349.295
50,14,1336.5767,9.7768,0,147,1.0085,350.303
48,14,1336.5767,9.8101,0,143,0.9588,351.262
47,13,1336.5767,9.8306,0,158,0.9698,352.232
45,13,1336.5767,9.8096,0,94,0.9924,353.224
44,13,1336.5767,9.8673,0,18,1.0740,354.298
42,13,1336.5767,9.7713,0,314,0.9977,355.296
41,13,1336.5767,9.7609,0,311,0.9676,356.264
38,12,1336.5767,9.8467,0,281,1.9993,358.263
36,12,1336.5767,9.8647,0,329,1.0615,359.324
35,12,1336.5767,9.8183,0,320,1.0175,360.342
33,12,1336.5767,9.8493,0,331,0.9782,361.320
32,11,1336.5767,9.8031,0,321,0.9427,362.263
30,11,1336.5767,9.8295,0,304,0.9867,363.250
29,11,1336.5767,9.7733,0,308,1.0545,364.304
27,11,1336.5767,9.8221,0,339,1.0426,365.347
26,10,1336.5767,9.8160,0,279,1.0270,366.374
24,10,1336.5767,9.8333,0,284,0.9781,367.352
21,10,1336.5767,9.8238,0,17,1.9964,369.348
20,10,1336.5767,9.8125,0,343,1.0132,370.361
18,9,1336.5767,9.8317,0,18,1.0143,371.376
17,9,1336.5767,9.8282,0,236,0.9788,372.355
12,9,1336.5767,9.8065,0,243,3.0505,375.405
11,8,1336.5767,9.7834,0,208,0.9885,376.394
8,7,1336.5767,9.8077,0,111,4.0151,380.409
7,7,1336.5767,9.8167,0,230,1.0109,381.420
6,7,1336.5767,9.8038,0,84,1.9857,383.405
6,6,1336.5767,9.7504,0,211,1.0032,384.408
5,6,1336.5767,9.8427,0,359,1.0140,385.422
5,6,1336.5767,9.7501,0,30,0.9842,386.407
4,6,1336.5767,9.8375,0,49,1.0027,387.409
4,6,1336.5767,9.8355,0,333,1.0275,388.437
3,5,1336.5767,9.8112,0,352,1.0272,389.464
2,5,1336.5767,9.8556,0,296,1.9645,391.429
2,5,1336.5767,9.8179,0,320,1.0154,392.444
1,4,1336.5767,9.7747,0,315,0.9929,393.437
1,4,1336.5767,9.7764,0,297,1.0343,394.471
0,4,1336.5767,9.8117,0,292,1.0036,395.475
0,3,1336.5767,9.8142,0,75,4.0408,399.516
0,3,1336.5767,9.8164,0,76,1.0343,400.550
0,3,1336.5767,9.8182,0,77,0.9947,401.545
0,3,1336.5767,9.8179,0,77,0.9793,402.524
0,3,1336.5767,9.8170,0,77,0.9748,403.499
0,3,1336.5767,9.8163,0,77,1.0588,404.557
