altitude,battery,distance,accel,speed,course,timeChange,flightTime
4,99,5.0706,9.7646,0,272,0.9898,0.989
16,97,16.9466,9.8322,0,72,5.0539,6.043
19,97,19.3077,9.8351,0,23,1.0173,7.061
21,97,21.6779,9.7847,0,123,1.0219,8.083
24,96,24.0402,9.7847,0,99,1.0087,9.091
26,96,26.4036,9.8395,0,108,1.0058,10.097
28,96,28.7574,9.8455,0,83,0.9941,11.091
31,96,31.1110,9.7916,0,311,0.9906,12.082
39,94,39.7390,9.6142,0,324,5.0575,17.139
39,94,39.8734,9.7280,0,294,0.9625,18.102
39,93,39.9556,9.8318,0,164,4.1341,22.236
39,93,39.9604,9.8168,0,160,1.0263,23.262
39,93,39.9646,9.8287,0,328,1.0043,24.266
39,92,39.9703,9.7987,0,21,1.9177,26.184
39,92,39.9745,9.8342,0,37,1.0408,27.225
39,91,39.9867,9.8223,0,203,4.0634,31.288
39,91,39.9857,9.8169,0,241,1.0038,32.292
39,91,39.9875,9.7774,0,289,0.9669,33.259
39,90,40.2824,9.8995,0,327,2.0248,35.284
40,90,41.2697,9.8858,1,326,1.0066,36.291
40,90,42.8965,9.9889,1,320,1.0739,37.364
40,89,45.3700,9.9184,2,329,1.0357,38.400
40,89,48.7101,9.9307,3,323,0.9670,39.367
40,89,52.7423,9.7972,4,324,0.9888,40.356
41,89,57.0005,9.7912,4,323,1.0117,41.368
41,88,61.4429,9.7982,4,323,0.9801,42.348
41,88,66.0825,9.8219,4,323,1.0638,43.412
41,88,70.8618,9.8330,4,323,1.0072,44.419
41,88,75.7408,9.8306,4,323,1.0241,45.443
42,87,80.6792,9.8152,4,323,0.9769,46.420
42,87,85.6575,9.8006,4,323,0.9504,47.370
42,87,90.6607,9.8352,5,324,1.0664,48.436
42,87,95.6907,9.8458,5,324,1.0346,49.471
42,86,100.7284,9.7986,5,324,0.9732,50.444
43,86,105.7721,9.7771,5,324,0.9828,51.427
43,86,110.8205,9.8359,5,324,0.9680,52.395
43,86,115.8807,9.9141,5,324,1.0772,53.472
43,85,120.9397,9.8709,5,324,1.0291,54.501
44,85,126.0029,9.8571,5,324,1.0104,55.512
44,85,131.0534,9.8224,5,324,0.9925,56.504
44,85,136.1126,9.8619,5,324,0.9969,57.501
44,84,141.1692,9.8226,5,324,1.0329,58.534
44,84,146.2372,9.7651,5,324,0.9681,59.502
45,84,151.2927,9.8560,5,324,1.0022,60.504
45,84,156.3532,9.8161,5,324,1.0062,61.511
45,83,161.4040,9.8272,5,324,1.0766,62.587
45,83,166.4610,9.8055,5,324,1.0500,63.637
45,83,171.5167,9.8966,5,324,1.0073,64.645
46,83,176.5702,9.8109,5,324,0.9597,65.604
46,82,181.6187,9.8351,5,324,0.9579,66.562
46,82,186.6733,9.8299,5,324,0.9730,67.535
46,82,191.7227,9.8384,5,324,1.0130,68.548
47,82,196.7854,9.8715,5,324,1.0701,69.618
47,81,201.8504,9.8295,5,324,1.0215,70.640
47,81,206.9159,9.8604,5,324,1.0366,71.676
47,81,211.9810,9.8233,5,324,1.0373,72.714
47,81,217.0374,9.7600,5,324,1.0301,73.744
48,81,222.0926,9.8228,5,324,0.9440,74.688
48,80,227.1449,9.8177,5,324,1.0107,75.698
48,80,232.2011,9.7991,5,324,0.9802,76.679
48,80,237.2686,9.7844,5,324,1.0394,77.718
49,80,242.3354,9.7953,5,324,1.0150,78.733
49,79,247.3934,9.8262,5,324,1.0179,79.751
49,79,252.4563,9.8153,5,324,1.0348,80.786
49,79,257.5149,9.7368,5,324,0.9974,81.783
49,79,262.5762,9.8047,5,324,0.9761,82.759
50,78,267.6354,9.8716,5,324,0.9761,83.735
50,78,272.6933,9.8399,5,324,0.9901,84.725
50,78,277.7466,9.7775,5,324,1.0606,85.786
50,78,282.8078,9.8166,5,324,1.0314,86.817
51,77,287.8719,9.8521,5,324,1.0278,87.845
51,77,292.9406,9.8403,5,324,1.0294,88.875
51,77,298.0021,9.8945,5,324,0.9601,89.835
51,77,303.0723,9.8504,5,324,0.9566,90.791
51,76,308.1339,9.7612,5,324,0.9920,91.783
52,76,313.1985,9.8217,5,324,1.0126,92.796
52,76,318.2606,9.8120,5,324,1.0457,93.842
52,76,323.3245,9.8204,5,324,1.0196,94.861
52,75,328.3839,9.9506,5,324,0.9667,95.828
53,75,333.4456,9.8351,5,324,0.9871,96.815
53,75,338.5063,9.7938,5,324,1.0998,97.915
53,75,343.5750,9.7899,5,324,1.0353,98.950
53,74,348.6435,9.8367,5,324,1.0065,99.957
53,74,353.7098,9.8944,5,324,0.9464,100.903
54,74,358.7767,9.8158,5,324,0.9849,101.888
54,74,363.8513,9.8261,5,324,1.0391,102.927
54,73,368.9190,9.8068,5,324,1.0544,103.981
54,73,373.9853,9.8535,5,324,1.0009,104.982
55,73,379.0544,9.8080,5,324,0.9294,105.912
55,73,384.1181,9.7837,5,324,0.9919,106.904
55,72,389.1880,9.8353,5,324,1.0682,107.972
55,72,394.2459,9.7550,5,324,1.0315,109.003
55,72,399.3154,9.8098,5,324,0.9731,109.977
56,72,404.3743,9.7494,5,324,1.0017,110.978
56,71,409.4378,9.8583,5,324,1.0156,111.994
56,71,414.4979,9.8086,5,324,1.0644,113.058
56,71,419.5662,9.8483,5,324,1.0057,114.064
56,71,424.6293,9.8402,5,324,0.9470,115.011
57,70,429.6951,9.8177,5,324,0.9720,115.983
57,70,434.7638,9.8082,5,324,0.9768,116.960
57,70,439.8489,9.7800,5,324,1.0120,117.972
57,70,444.9299,9.8616,5,324,1.0821,119.054
58,69,450.0045,9.8608,5,324,1.0699,120.124
58,69,455.0787,9.8277,5,324,1.0031,121.127
58,69,460.1458,9.8174,5,324,0.9654,122.092
58,69,465.2059,9.7488,5,324,0.9824,123.075
58,68,470.2726,9.8352,5,324,1.0116,124.086
59,68,475.3368,9.8681,5,324,1.0399,125.126
59,68,480.4119,9.7933,5,324,0.9813,126.108
59,68,485.4850,9.8076,5,324,1.0144,127.122
59,67,490.5668,9.7413,5,324,1.0075,128.129
60,67,495.6361,9.8411,5,324,1.0371,129.167
60,67,500.7292,9.7565,5,324,1.0236,130.190
60,67,505.7962,9.8730,5,324,0.9481,131.138
60,66,510.8766,9.8362,5,324,1.0457,132.184
60,66,515.9650,9.7279,5,324,0.9747,133.159
61,66,521.0375,9.8542,5,324,1.0547,134.213
61,66,526.1124,9.9026,5,324,0.9727,135.186
61,65,531.1987,9.7582,5,324,1.0023,136.188
61,65,536.2742,9.8020,5,324,1.0122,137.201
62,65,541.3672,9.8428,5,324,1.0009,138.201
62,65,546.4672,9.8176,5,324,0.9895,139.191
62,64,551.5371,9.7950,5,324,1.0588,140.250
62,64,562.1172,9.7976,5,324,1.0005,141.250
63,63,562.1172,9.9353,0,191,6.0298,147.280
63,62,562.9068,9.7977,1,171,1.0749,148.355
63,62,564.6539,9.9004,1,174,1.0038,149.359
63,62,567.3367,9.9386,2,180,1.0496,150.408
63,62,570.9061,9.7985,3,176,0.9958,151.404
63,61,575.0270,9.7554,4,176,0.9839,152.388
63,61,579.3250,9.8158,4,175,1.0022,153.390
63,61,583.8835,9.7709,4,175,0.9926,154.383
63,61,588.6325,9.8400,4,175,1.0359,155.419
64,60,593.5204,9.7652,4,175,1.0269,156.446
64,60,598.5087,9.8266,5,175,0.9673,157.413
64,60,603.5717,9.8071,5,176,1.0305,158.443
64,60,608.6614,9.8842,5,176,1.0002,159.444
64,59,613.7844,9.8665,5,176,0.9968,160.440
64,59,618.9202,9.8200,5,176,1.0289,161.469
64,59,624.0716,9.8071,5,177,1.0057,162.475
65,59,629.2151,9.7971,5,177,1.0746,163.550
65,58,634.3779,9.8136,5,177,0.9779,164.528
65,58,639.5295,9.7822,5,177,0.9652,165.493
65,58,644.6937,9.8148,5,177,0.9702,166.463
65,58,649.8383,9.8495,5,177,1.0519,167.515
65,57,655.0016,9.8212,5,177,1.0689,168.584
65,57,660.1535,9.7753,5,177,1.0619,169.646
66,57,665.3127,9.8475,5,177,0.9660,170.612
66,57,670.4807,9.7713,5,177,0.9956,171.607
66,57,675.6252,9.7663,5,177,0.9600,172.567
66,56,680.7940,9.8049,5,177,1.0369,173.604
66,56,685.9542,9.7506,5,177,1.0045,174.609
66,56,691.1104,9.8554,5,177,0.9775,175.586
66,56,696.2704,9.8268,5,176,1.0162,176.602
67,55,701.4339,9.8221,5,177,1.0219,177.624
67,55,706.5773,9.8778,5,177,1.0872,178.711
67,55,711.7549,9.8340,5,176,1.0074,179.719
67,55,716.9106,9.8135,5,177,0.9946,180.713
67,54,722.0696,9.8799,5,177,0.9769,181.690
67,54,727.2369,9.8281,5,177,1.0145,182.705
67,54,732.4004,9.8538,5,177,1.0365,183.741
68,54,737.5627,9.7688,5,177,0.9873,184.729
68,53,742.7227,9.7914,5,177,0.9858,185.714
68,53,747.8879,9.9065,5,177,0.9470,186.661
68,53,753.0600,9.8162,5,177,1.0206,187.682
68,53,758.2228,9.7889,5,177,1.0506,188.733
68,52,763.3898,9.7872,5,177,1.0225,189.755
68,52,768.5456,9.8588,5,177,1.0108,190.766
69,52,773.7054,9.8302,5,177,1.0042,191.770
69,52,778.8590,9.8462,5,177,0.9422,192.712
69,51,784.0164,9.8229,5,177,1.0063,193.719
69,51,789.1722,9.7561,5,177,1.0368,194.755
69,51,794.3458,9.8094,5,177,1.0208,195.776
69,51,799.5139,9.8242,5,177,0.9751,196.751
69,50,804.6801,9.8685,5,177,1.0230,197.774
70,50,809.8518,9.8462,5,177,1.0636,198.838
70,50,815.0265,9.7364,5,177,1.0422,199.880
70,50,820.2062,9.8394,5,177,1.0862,200.966
70,49,825.3762,9.7838,5,177,1.0039,201.970
70,49,830.5450,9.8169,5,177,0.9803,202.950
70,49,835.7205,9.7958,5,177,0.9946,203.945
70,49,840.8932,9.8013,5,177,0.9607,204.906
71,48,846.0470,9.8145,5,177,0.9139,205.820
71,48,851.2200,9.8818,5,177,0.9323,206.752
71,48,856.3936,9.7975,5,177,0.9950,207.747
71,48,861.5693,9.7960,5,177,1.0372,208.784
71,47,866.7450,9.8889,5,177,1.0506,209.835
71,47,871.9150,9.8108,5,177,1.0424,210.877
71,47,877.0836,9.8076,5,177,0.9986,211.876
72,47,882.2601,9.7971,5,177,0.9914,212.867
72,46,887.4222,9.7929,5,177,1.0202,213.887
72,46,892.5951,9.7758,5,177,1.0231,214.910
72,46,897.7682,9.8381,5,177,0.9826,215.893
72,46,902.9341,9.8550,5,177,0.9718,216.865
72,45,908.0988,9.8444,5,177,0.9775,217.842
72,45,913.2747,9.8190,5,177,1.0161,218.859
73,45,918.4479,9.8596,5,177,1.0549,219.913
73,45,923.6222,9.8257,5,177,1.0397,220.953
73,44,928.7953,9.8415,5,177,1.0075,221.961
73,44,933.9670,9.8116,5,177,0.9744,222.935
73,44,939.1437,9.8312,5,177,0.9755,223.911
73,44,944.3149,9.7689,5,177,1.0188,224.929
73,43,949.4948,9.8691,5,177,1.0461,225.976
74,43,954.6752,9.7905,5,177,1.0272,227.003
74,43,959.8495,9.7860,5,177,0.9896,227.992
74,43,965.0181,9.7463,5,177,0.9404,228.933
74,42,970.1940,9.8511,5,176,0.9664,229.899
74,42,975.3612,9.8787,5,177,1.0404,230.940
74,42,980.5381,9.8113,5,177,1.0745,232.014
75,42,985.7089,9.8477,5,177,1.0278,233.042
75,41,990.8755,9.7742,5,177,1.0220,234.064
75,41,996.0303,9.8196,5,177,0.9375,235.001
75,41,1001.1851,9.8326,5,177,0.9676,235.969
75,41,1006.3439,9.8334,5,177,1.0827,237.052
75,40,1011.5071,9.8016,5,177,1.0602,238.112
75,40,1016.6662,9.7647,5,177,0.9784,239.090
76,40,1021.8171,9.8934,5,177,0.9913,240.082
76,40,1026.9681,9.8389,5,177,0.9360,241.018
76,39,1032.1255,9.8983,5,177,0.9973,242.015
76,39,1037.2780,9.8207,5,177,1.0444,243.059
76,39,1042.4252,9.7930,5,177,1.0256,244.085
76,39,1047.5580,9.7964,5,177,1.0860,245.171
76,38,1052.7056,9.8368,5,177,0.9527,246.124
77,38,1057.8446,9.7705,5,177,0.9950,247.119
77,38,1062.9832,9.8065,5,177,1.0401,248.159
77,38,1068.1289,9.7755,5,177,1.0588,249.217
77,37,1073.2732,9.8180,5,177,0.9900,250.207
77,37,1078.4122,9.8799,5,177,0.9301,251.138
77,37,1083.5458,9.7881,5,177,0.9690,252.107
77,37,1088.6805,9.7715,5,177,1.0060,253.113
78,36,1093.8119,9.8199,5,177,1.0385,254.151
78,36,1098.9387,9.8655,5,177,1.0487,255.200
78,36,1104.0593,9.8365,5,177,1.0427,256.242
78,36,1109.1787,9.8202,5,177,0.9740,257.216
78,35,1114.2971,9.8572,5,177,1.0020,258.218
78,35,1119.4177,9.8558,5,177,1.0243,259.243
78,35,1124.5354,9.8141,5,177,0.9859,260.229
79,35,1129.6536,9.8113,5,177,0.9742,261.203
79,34,1134.7773,9.8626,5,177,0.9577,262.160
79,34,1139.8973,9.8364,5,177,1.0525,263.213
79,34,1145.0085,9.8519,5,177,1.0469,264.260
79,34,1150.1287,9.7760,5,177,1.0320,265.292
79,33,1155.2434,9.8770,5,177,1.0011,266.293
79,33,1160.3538,9.8645,5,177,0.9411,267.234
80,33,1165.4537,9.7738,5,177,0.9963,268.230
80,33,1170.5581,9.7825,5,177,1.0535,269.284
80,32,1175.6458,9.8293,5,177,1.0456,270.329
80,32,1180.7468,9.8562,5,177,0.9974,271.327
80,32,1185.8530,9.8103,5,177,0.9685,272.295
80,32,1190.9426,9.8286,5,177,0.9944,273.290
80,31,1196.0371,9.8401,5,177,1.0207,274.310
81,31,1201.1367,9.7643,5,177,1.0323,275.343
81,31,1206.2263,9.8484,5,177,1.0280,276.371
81,31,1211.3217,9.8555,5,177,1.0048,277.375
81,30,1216.4238,9.7760,5,177,0.9550,278.330
81,30,1221.5227,9.8208,5,177,0.9894,279.320
81,30,1226.6123,9.8374,5,177,0.9976,280.317
81,30,1231.6938,9.8414,5,177,1.0551,281.373
82,29,1236.7762,9.8634,5,177,1.0354,282.408
82,29,1241.8590,9.7820,5,177,0.9615,283.370
82,29,1246.9392,9.8551,5,177,1.0378,284.407
82,29,1252.0288,9.7407,5,177,1.0121,285.419
82,28,1257.1082,9.8221,5,177,0.9939,286.413
82,28,1262.1753,9.8474,5,177,0.9808,287.394
82,28,1267.2336,9.8173,5,177,1.0000,288.394
83,28,1272.3132,9.8201,5,177,0.9725,289.367
83,28,1277.3751,9.7820,5,177,1.0492,290.416
83,27,1282.4502,9.8305,5,177,1.1094,291.525
83,27,1287.5422,9.8569,5,177,1.0972,292.622
83,27,1292.6033,9.8388,5,177,1.0577,293.680
83,27,1297.6799,9.8038,5,177,1.0056,294.686
83,26,1302.7472,9.7954,5,177,0.9314,295.617
84,26,1307.8162,9.7786,5,177,0.9929,296.610
84,26,1312.8724,9.8368,5,177,1.0200,297.630
84,26,1317.9307,9.8094,5,177,0.9603,298.590
84,25,1322.9944,9.8803,5,177,0.9924,299.583
84,25,1328.0547,9.8259,5,177,1.0340,300.617
84,25,1333.1134,9.7909,5,177,1.1023,301.719
84,25,1341.8187,9.7361,5,177,1.0017,302.721
84,23,1341.9216,9.7904,0,31,6.0263,308.747
84,23,1343.2467,9.8657,1,32,0.9964,309.743
84,23,1345.4454,9.8786,2,30,1.0288,310.772
84,22,1348.5323,9.8835,3,36,1.0298,311.802
84,22,1352.4136,9.9048,3,32,0.9711,312.773
84,22,1356.5569,9.8102,4,33,0.9320,313.705
84,22,1360.9039,9.8010,4,33,1.0109,314.716
84,21,1365.4705,9.8621,4,33,1.0347,315.751
84,21,1370.1840,9.7919,4,33,1.0573,316.808
84,21,1375.0016,9.8541,4,33,1.0310,317.839
84,21,1379.8774,9.7619,4,32,1.0184,318.858
84,20,1384.7953,9.8253,4,33,0.9793,319.837
84,20,1389.7360,9.7870,4,33,0.9742,320.811
84,20,1394.6879,9.8309,4,33,1.0358,321.847
84,20,1399.6505,9.8109,4,33,1.0601,322.907
83,19,1404.6289,9.8629,4,33,1.0001,323.907
83,19,1407.8256,9.8636,4,33,0.9502,324.857
83,19,1407.8256,8.9491,3,33,0.9303,325.788
82,19,1407.8256,9.6621,1,35,0.9547,326.742
80,19,1407.8256,9.8846,0,36,0.9792,327.721
79,18,1407.8256,9.9017,0,355,1.0003,328.722
77,18,1407.8256,9.8239,0,219,1.0602,329.782
65,16,1407.8256,9.8173,0,20,8.0637,337.846
64,16,1407.8256,9.8267,0,33,1.0119,338.858
62,16,1407.8256,9.8377,0,28,1.0048,339.862
61,16,1407.8256,9.8644,0,46,0.9652,340.828
59,16,1407.8256,9.8065,0,41,1.0137,341.841
58,15,1407.8256,9.7943,0,49,1.0305,342.872
56,15,1407.8256,9.8186,0,329,1.0208,343.892
55,15,1407.8256,9.8156,0,322,1.0010,344.893
50,14,1407.8256,9.8628,0,303,2.9342,347.828
49,14,1407.8256,9.7822,0,39,1.0709,348.898
46,14,1407.8256,9.8284,0,15,1.9666,350.865
44,13,1407.8256,9.8107,0,82,0.9974,351.863
38,13,1407.8256,9.7772,0,111,4.1177,355.980
37,12,1407.8256,9.8475,0,129,1.0280,357.008
35,12,1407.8256,9.8643,0,192,0.9869,357.995
34,12,1407.8256,9.8155,0,174,0.9375,358.933
32,12,1407.8256,9.8511,0,206,0.9742,359.907
29,11,1407.8256,9.8313,0,137,2.0538,361.961
28,11,1407.8256,9.7731,0,177,1.0422,363.003
26,11,1407.8256,9.8222,0,187,1.0034,364.006
25,11,1407.8256,9.8149,0,145,0.9799,364.986
23,10,1407.8256,9.8392,0,155,0.9693,365.956
20,10,1407.8256,9.8204,0,251,2.0325,367.988
19,10,1407.8256,9.8116,0,198,1.0407,369.029
17,9,1407.8256,9.8318,0,229,0.9907,370.020
16,9,1407.8256,9.8330,0,181,1.0096,371.029
12,8,1407.8256,9.7657,0,343,4.0303,375.059
12,8,1407.8256,9.8521,0,71,0.9752,376.035
10,7,1407.8256,9.8197,0,63,3.0247,379.059
10,7,1407.8256,9.8151,0,92,0.9964,380.056
9,7,1407.8256,9.8038,0,106,1.0222,381.078
9,7,1407.8256,9.8046,0,280,1.0369,382.115
8,7,1407.8256,9.7522,0,141,0.9992,383.114
8,6,1407.8256,9.8418,0,191,0.9740,384.088
7,6,1407.8256,9.7475,0,342,0.9791,385.067
7,6,1407.8256,9.8400,0,210,1.0214,386.089
6,6,1407.8256,9.8331,0,191,1.0776,387.166
6,5,1407.8256,9.8101,0,281,1.0268,388.193
5,5,1407.8256,9.8541,0,155,1.9737,390.167
4,5,1407.8256,9.8164,0,251,0.9490,391.116
4,4,1407.8256,9.7687,0,315,1.0557,392.171
4,4,1407.8256,9.8925,0,8,1.0317,393.203
4,4,1407.8256,9.8183,0,8,1.0028,394.206
