altitude,battery,distance,accel,speed,course,timeChange,flightTime
4,99,4.9859,9.7682,0,274,0.9918,0.991
14,97,14.4995,9.8280,0,170,4.0070,4.998
16,97,16.8768,9.8051,0,222,0.9908,5.989
19,97,19.2403,9.8663,0,89,1.0525,7.042
21,97,21.6108,9.8333,0,57,1.0163,8.058
33,95,33.4028,9.8466,0,6,4.9698,13.028
35,95,35.7539,9.7313,0,330,1.0861,14.114
39,93,39.9566,9.8295,0,171,10.1025,24.216
39,93,39.9617,9.8139,0,175,0.9806,25.197
39,92,39.9669,9.8256,0,340,0.9713,26.168
39,92,39.9728,9.7987,0,31,1.9994,28.168
39,92,39.9770,9.8354,0,38,1.0362,29.204
39,91,39.9873,9.8219,0,196,4.0171,33.221
39,90,39.9863,9.8175,0,248,1.0319,34.253
39,90,39.9876,9.7785,0,303,1.0045,35.257
39,90,39.9870,9.8671,0,84,0.9759,36.233
39,90,39.9862,9.8151,0,46,1.0109,37.244
39,89,39.9830,9.8451,0,78,0.9842,38.228
39,89,39.9828,9.8722,0,2,1.0418,39.270
39,88,39.9883,9.8169,0,106,4.0143,43.284
39,88,40.0585,9.7959,0,313,1.0463,44.331
39,88,40.2279,9.8661,0,323,0.9798,45.311
39,88,41.1412,9.8422,1,321,1.0229,46.334
39,87,42.6715,9.8432,1,316,1.0311,47.365
40,87,45.0205,9.8683,2,325,1.0150,48.380
40,87,48.2368,9.8355,3,318,0.9781,49.358
40,87,52.1809,9.8612,4,320,1.0040,50.362
40,86,56.4361,9.8287,4,319,1.0323,51.394
40,86,60.8573,9.8063,4,319,0.9937,52.388
40,86,65.4842,9.7777,4,319,0.9869,53.375
40,86,70.2579,9.8441,4,319,1.0173,54.392
40,85,75.1336,9.9204,4,319,1.0126,55.405
40,85,80.0766,9.8711,4,319,1.0416,56.446
40,85,85.0631,9.8551,4,319,1.0126,57.459
40,85,90.0656,9.8278,5,319,0.9973,58.456
40,84,95.0970,9.8574,5,319,0.9553,59.411
40,84,100.1387,9.8341,5,319,0.9409,60.352
40,84,105.1971,9.7634,5,319,1.0054,61.358
40,84,110.2486,9.8697,5,319,1.0183,62.376
40,83,115.3100,9.8131,5,319,1.0525,63.428
40,83,120.3619,9.8211,5,319,1.0151,64.444
40,83,125.4215,9.7979,5,319,1.0254,65.469
40,83,130.4820,9.8907,5,319,1.0310,66.500
40,82,135.5410,9.8044,5,319,0.9878,67.488
40,82,140.5935,9.8301,5,319,0.9124,68.400
41,82,145.6529,9.8228,5,319,0.9877,69.388
41,82,150.7092,9.8300,5,319,0.9957,70.384
41,81,155.7727,9.8692,5,319,1.0784,71.462
41,81,160.8410,9.8158,5,319,1.0305,72.493
41,81,165.9102,9.8720,5,319,0.9768,73.469
41,81,170.9807,9.8161,5,319,1.0269,74.496
41,80,176.0407,9.7725,5,319,1.0634,75.560
41,80,181.0983,9.8341,5,319,0.9676,76.527
41,80,186.1537,9.8271,5,319,0.9518,77.479
41,80,191.2146,9.8010,5,319,0.9803,78.460
41,79,196.2870,9.7879,5,319,0.9962,79.456
41,79,201.3553,9.7891,5,319,1.0104,80.466
41,79,206.4167,9.8329,5,319,1.0334,81.500
41,79,211.4821,9.8118,5,319,1.1442,82.644
41,78,216.5415,9.7414,5,319,1.0829,83.727
41,78,221.6051,9.7974,5,319,0.9952,84.722
41,78,226.6649,9.8816,5,319,1.0115,85.733
41,78,231.7196,9.8320,5,319,0.9380,86.671
41,77,236.7764,9.7904,5,319,1.0018,87.673
41,77,241.8346,9.8101,5,319,0.9830,88.656
41,77,246.8983,9.8499,5,319,1.0395,89.696
42,77,251.9629,9.8343,5,319,1.0079,90.704
42,77,257.0184,9.8915,5,319,0.9914,91.695
42,76,262.0878,9.8436,5,319,1.0067,92.702
42,76,267.1478,9.7624,5,319,1.0451,93.747
42,76,272.2150,9.8161,5,319,0.9951,94.742
42,76,277.2781,9.8099,5,319,0.9926,95.734
42,75,282.3392,9.8125,5,319,1.0302,96.765
42,75,287.3966,9.9434,5,319,0.9942,97.759
42,75,292.4527,9.8442,5,319,0.9637,98.723
42,75,297.5076,9.7972,5,319,1.0576,99.780
42,74,302.5759,9.7945,5,319,1.0082,100.788
42,74,307.6423,9.8362,5,319,0.9668,101.755
42,74,312.7141,9.9063,5,319,1.0026,102.758
42,74,317.7847,9.8143,5,319,1.0651,103.823
42,73,322.8618,9.8373,5,319,1.0133,104.836
42,73,327.9222,9.8045,5,319,0.9684,105.805
42,73,332.9911,9.8542,5,319,1.0318,106.836
42,73,338.0610,9.8135,5,319,0.9759,107.812
42,72,343.1275,9.7906,5,319,1.0183,108.831
42,72,348.2045,9.8325,5,319,1.0474,109.878
42,72,353.2710,9.7554,5,319,1.0436,110.922
43,72,358.3501,9.8077,5,319,1.0200,111.941
43,71,363.4134,9.7660,5,319,0.9665,112.908
43,71,368.4841,9.8507,5,319,0.9935,113.902
43,71,373.5407,9.8180,5,319,1.0269,114.928
43,71,378.6082,9.8395,5,319,0.9925,115.921
43,70,383.6729,9.8377,5,319,0.9911,116.912
43,70,388.7365,9.8141,5,319,0.9643,117.876
43,70,393.8047,9.8043,5,319,1.0097,118.886
43,70,398.8844,9.7763,5,319,1.0598,119.946
43,69,403.9556,9.8532,5,319,1.0213,120.967
43,69,409.0331,9.8587,5,319,0.9725,121.940
43,69,414.1195,9.8123,5,319,0.9998,122.939
43,69,419.1807,9.8141,5,319,1.0672,124.007
43,68,424.2458,9.7411,5,319,0.9650,124.972
43,68,429.3218,9.8413,5,319,1.0030,125.975
43,68,434.3837,9.8657,5,319,1.0517,127.026
43,68,439.4738,9.8073,5,319,1.0153,128.042
43,67,444.5497,9.8142,5,319,1.0164,129.058
43,67,449.6188,9.7449,5,319,0.9385,129.997
43,67,454.7037,9.8330,5,319,0.9716,130.968
43,67,459.7899,9.7615,5,319,0.9938,131.962
43,66,464.8593,9.8699,5,319,1.0564,133.019
44,66,469.9387,9.8393,5,319,1.0645,134.083
44,66,475.0288,9.7238,5,319,1.0080,135.091
44,66,480.0981,9.8606,5,319,0.9943,136.085
44,65,485.1779,9.8958,5,319,0.9792,137.064
44,65,490.2630,9.7638,5,319,0.9694,138.034
44,65,495.3398,9.7991,5,319,0.9844,139.018
44,65,500.4339,9.8427,5,319,1.0893,140.108
44,64,505.5293,9.8123,5,319,1.0280,141.136
44,64,510.6165,9.7962,5,319,1.0030,142.139
44,64,515.7036,9.7987,5,319,0.9682,143.107
44,64,520.7766,9.8377,5,319,0.9701,144.077
44,63,525.8726,9.7166,5,319,1.0415,145.118
44,63,530.9600,9.8574,5,319,1.0023,146.121
44,63,536.0305,9.8091,5,319,1.0106,147.131
44,63,541.1234,9.8173,5,319,1.0258,148.157
44,62,546.1968,9.8279,5,319,1.0577,149.215
44,62,551.2935,9.7644,5,319,0.9963,150.211
44,62,556.3683,9.8164,5,319,0.9882,151.199
44,62,561.4659,9.8468,5,319,0.9757,152.175
44,61,569.3649,9.8208,5,319,0.9591,153.134
45,60,569.3649,9.7579,0,37,5.0708,158.205
45,60,569.7314,9.8479,0,96,1.0200,159.225
45,60,571.1282,9.8733,1,96,1.0082,160.233
45,60,573.4378,9.9964,2,95,0.9910,161.224
45,59,576.6826,9.9208,3,95,0.9815,162.206
45,59,580.6421,9.7559,4,97,1.0015,163.207
45,59,584.8122,9.8032,4,97,1.0199,164.227
45,59,589.2441,9.8050,4,97,1.0336,165.261
45,58,593.9188,9.8235,4,96,1.0471,166.308
45,58,598.7529,9.7861,4,96,1.0108,167.319
45,58,603.7051,9.8160,4,95,0.9625,168.281
46,58,608.7341,9.8465,5,95,1.0207,169.302
46,57,613.8107,9.8244,5,95,0.9463,170.248
46,57,618.9080,9.7758,5,95,1.0310,171.279
46,57,624.0338,9.8415,5,95,1.0388,172.318
46,57,629.1606,9.7730,5,94,0.9941,173.312
46,56,634.3008,9.7696,5,95,0.9542,174.266
46,56,639.4550,9.8023,5,95,1.0283,175.294
46,56,644.6094,9.7516,5,94,1.0292,176.324
47,56,649.7642,9.8498,5,95,1.0287,177.352
47,55,654.9105,9.8225,5,94,0.9717,178.324
47,55,660.0674,9.8311,5,94,1.0174,179.341
47,55,665.2179,9.8731,5,95,1.0253,180.367
47,55,670.3689,9.8325,5,95,1.0126,181.379
47,54,675.5237,9.8131,5,95,0.9847,182.364
47,54,680.6845,9.8782,5,95,1.0221,183.386
47,54,685.8485,9.8310,5,95,0.9896,184.375
47,54,691.0169,9.8501,5,95,1.0265,185.402
48,53,696.1853,9.7787,5,95,1.0163,186.418
48,53,701.3466,9.7922,5,95,1.0004,187.419
48,53,706.5165,9.9074,5,95,0.9868,188.406
48,53,711.6797,9.8202,5,95,1.0313,189.437
48,52,716.8528,9.7839,5,95,0.9789,190.416
48,52,722.0189,9.7816,5,95,1.0429,191.459
48,52,727.1748,9.8629,5,95,0.9894,192.448
48,52,732.3434,9.8307,5,95,1.0731,193.521
49,51,737.5037,9.8384,5,95,0.9806,194.502
49,51,742.6719,9.8230,5,95,0.9706,195.472
49,51,747.8419,9.7549,5,95,0.9993,196.472
49,51,753.0239,9.8031,5,95,1.0038,197.476
49,50,758.2003,9.8231,5,95,1.0478,198.523
49,50,763.3723,9.8712,5,95,1.0403,199.564
49,50,768.5488,9.8377,5,95,0.9518,200.515
49,50,773.7321,9.7379,5,95,1.0248,201.540
50,49,778.9198,9.8379,5,95,1.0482,202.588
50,49,784.0977,9.7860,5,95,1.0353,203.624
50,49,789.2756,9.8083,5,95,1.0169,204.641
50,49,794.4558,9.7965,5,95,1.0133,205.654
50,48,799.6362,9.8012,5,95,0.9773,206.631
50,48,804.8046,9.8086,5,95,1.0002,207.631
50,48,809.9876,9.8924,5,95,0.9787,208.610
50,48,815.1724,9.7968,5,95,1.0006,209.611
50,47,820.3636,9.7900,5,95,1.0490,210.660
51,47,825.5540,9.8877,5,95,0.9964,211.656
51,47,830.7405,9.8076,5,95,1.0397,212.696
51,47,835.9242,9.8052,5,95,1.0039,213.700
51,46,841.1116,9.7885,5,95,1.0512,214.751
51,46,846.2866,9.7930,5,95,0.9957,215.746
51,46,851.4745,9.7760,5,95,0.9421,216.689
51,46,856.6610,9.8275,5,95,0.9636,217.652
51,45,857.9335,9.8296,5,95,0.9666,218.619
52,45,857.6117,9.9630,3,108,2.0605,220.679
52,45,858.5343,9.9083,1,138,1.0246,221.704
52,45,860.1410,9.8938,1,167,1.0099,222.714
52,44,862.5764,9.9301,2,178,1.1237,223.838
52,44,865.9047,9.8516,3,189,1.0598,224.897
52,44,869.8742,9.7850,4,193,0.9900,225.887
52,44,874.0255,9.7746,4,197,0.9639,226.851
52,43,878.4596,9.8716,4,198,0.9363,227.788
52,43,883.1253,9.7998,4,198,1.0118,228.799
52,43,887.9556,9.7899,4,198,1.0039,229.803
52,43,892.8914,9.7544,4,197,1.0102,230.813
52,42,897.9115,9.8509,5,196,1.0497,231.863
52,42,902.9811,9.8736,5,196,1.0218,232.885
52,42,908.0944,9.8075,5,195,0.9978,233.883
52,42,913.2235,9.8490,5,195,1.0263,234.909
52,41,918.3527,9.7773,5,194,0.9745,235.883
52,41,923.4864,9.8267,5,194,1.0026,236.886
52,41,928.6312,9.8217,5,194,1.0058,237.892
53,41,933.7806,9.8345,5,193,1.0505,238.942
53,40,938.9240,9.7968,5,193,1.0223,239.965
53,40,944.0769,9.7729,5,193,1.0180,240.983
53,40,949.2090,9.8909,5,194,0.9988,241.981
53,40,954.3469,9.8406,5,194,0.9738,242.955
53,39,959.5023,9.8980,5,194,0.9960,243.951
53,39,964.6463,9.8050,5,194,0.9894,244.941
53,39,969.7847,9.7928,5,194,1.0243,245.965
53,39,974.9161,9.7952,5,194,1.0249,246.990
53,38,980.0669,9.8634,5,194,1.0209,248.011
53,38,985.2045,9.7781,5,194,0.9829,248.994
53,38,990.3430,9.7985,5,194,1.0091,250.003
53,38,995.4786,9.7827,5,194,0.9717,250.974
53,37,1000.6097,9.8174,5,194,0.9952,251.970
53,37,1005.7355,9.8763,5,194,1.0242,252.994
53,37,1010.8594,9.7883,5,194,1.0656,254.060
54,37,1015.9867,9.7720,5,194,1.0122,255.072
54,36,1021.1089,9.8160,5,194,0.9795,256.051
54,36,1026.2247,9.8655,5,194,1.0078,257.059
54,36,1031.3330,9.8407,5,194,0.9402,257.999
54,36,1036.4436,9.8192,5,194,0.9893,258.989
54,35,1041.5472,9.8596,5,194,1.0146,260.003
54,35,1046.6582,9.8493,5,194,1.0025,261.006
54,35,1051.7638,9.8114,5,194,1.0799,262.086
54,35,1056.8732,9.7990,5,194,1.0037,263.089
54,34,1061.9895,9.8701,5,194,0.9716,264.061
54,34,1067.0986,9.8406,5,194,0.9916,265.052
54,34,1072.2007,9.8581,5,194,0.9711,266.023
54,34,1077.3108,9.7817,5,194,1.0740,267.097
54,33,1082.4163,9.8760,5,194,1.0058,268.103
54,33,1087.5162,9.8620,5,194,1.0332,269.136
54,33,1092.6079,9.7740,5,194,1.0308,270.167
54,33,1097.7004,9.7770,5,194,0.9451,271.112
55,32,1102.7832,9.8386,5,194,1.0291,272.141
55,32,1107.8774,9.8597,5,194,1.0018,273.143
55,32,1112.9684,9.8025,5,194,0.9922,274.136
55,32,1118.0466,9.8287,5,194,1.0197,275.155
55,31,1123.1301,9.8365,5,194,1.0143,276.170
55,31,1128.2197,9.7624,5,194,0.9996,277.169
55,31,1133.3027,9.8547,5,194,1.0315,278.201
55,31,1138.3877,9.8589,5,194,0.9974,279.198
55,30,1143.4772,9.7680,5,194,1.0008,280.199
55,30,1148.5657,9.8241,5,194,1.0031,281.202
55,30,1153.6501,9.8408,5,194,0.9918,282.194
55,30,1158.7238,9.8458,5,194,1.0898,283.284
55,29,1163.7993,9.8610,5,194,1.0284,284.312
55,29,1168.8752,9.7874,5,194,1.0372,285.349
55,29,1173.9464,9.8522,5,194,0.9201,286.269
55,29,1179.0195,9.7464,5,194,0.9258,287.195
56,29,1184.0973,9.8247,5,194,0.9915,288.187
56,28,1189.1616,9.8487,5,194,0.9952,289.182
56,28,1194.2173,9.8078,5,194,1.0973,290.279
56,28,1199.2771,9.8242,5,194,1.1295,291.408
56,28,1204.3414,9.7723,5,194,1.0104,292.419
56,27,1209.4047,9.8390,5,194,0.9734,293.392
56,27,1214.4749,9.8483,5,194,0.9787,294.371
56,27,1219.5388,9.8338,5,194,0.9946,295.366
56,27,1224.5990,9.8096,5,194,0.9799,296.345
56,26,1229.6587,9.7950,5,194,1.0238,297.369
56,26,1234.7208,9.7684,5,194,1.0106,298.380
56,26,1239.7692,9.8358,5,194,1.0499,299.430
56,26,1244.8237,9.8139,5,194,1.0536,300.483
56,25,1249.8785,9.8691,5,194,0.9922,301.476
56,25,1254.9249,9.8233,5,194,1.0211,302.497
56,25,1259.9675,9.7886,5,194,0.9339,303.431
57,25,1265.0128,9.7525,5,194,0.9595,304.390
57,24,1270.0649,9.7951,5,194,0.9938,305.384
57,24,1275.1105,9.8389,5,194,1.0079,306.392
57,24,1280.1569,9.7950,5,194,1.0581,307.450
57,24,1285.1909,9.8041,5,194,1.0752,308.525
57,23,1290.2303,9.8102,5,194,1.0367,309.562
57,23,1295.2689,9.7849,5,194,1.0146,310.576
57,23,1300.3092,9.8533,5,194,0.9981,311.575
57,23,1305.3485,9.8069,5,194,0.9450,312.520
57,22,1310.3796,9.8598,5,194,0.9603,313.480
57,22,1315.4146,9.8680,5,194,0.9461,314.426
57,22,1320.4507,9.7951,5,194,0.9794,315.405
57,22,1325.4796,9.7856,5,194,1.0472,316.453
57,21,1330.5144,9.8684,5,194,1.1330,317.586
57,21,1335.5468,9.7873,5,194,0.9931,318.579
57,21,1340.5840,9.8532,5,194,1.0257,319.604
57,21,1345.6073,9.7592,5,194,1.0812,320.686
58,20,1350.6403,9.8231,5,194,0.9859,321.671
58,20,1355.6648,9.7935,5,194,0.9432,322.615
58,20,1360.6826,9.8299,5,194,1.0198,323.634
58,20,1365.7007,9.8262,5,194,1.0582,324.693
58,19,1370.7222,9.8652,5,194,1.0062,325.699
58,19,1375.7498,9.8228,5,194,0.9697,326.669
58,19,1380.7676,9.8160,5,194,0.9888,327.657
58,19,1385.7891,9.8118,5,194,0.9897,328.647
58,18,1390.8030,9.8098,5,194,1.0184,329.665
58,18,1395.8179,9.8735,5,194,1.0686,330.734
58,18,1400.8306,9.8171,5,194,1.0462,331.780
58,18,1405.8435,9.8203,5,194,0.9666,332.747
58,17,1410.8534,9.8102,5,194,0.9647,333.712
58,17,1412.1553,9.4522,4,194,0.9715,334.683
58,17,1412.1553,9.3521,2,195,1.0119,335.695
56,17,1412.1553,9.9231,0,201,1.0348,336.730
55,17,1412.1553,9.8790,0,200,1.0354,337.765
53,16,1412.1553,9.8101,0,41,1.0480,338.813
40,14,1412.1553,9.7736,0,257,8.9471,347.760
38,14,1412.1553,9.8508,0,235,1.0776,348.838
37,14,1412.1553,9.8639,0,223,1.0334,349.871
35,14,1412.1553,9.7785,0,241,1.0132,350.885
34,14,1412.1553,9.8124,0,292,1.0032,351.888
32,13,1412.1553,9.8344,0,275,0.9964,352.884
31,13,1412.1553,9.8090,0,316,0.9531,353.837
23,12,1412.1553,9.8477,0,242,5.0541,358.891
22,12,1412.1553,9.8686,0,16,1.0056,359.897
20,12,1412.1553,9.8171,0,173,0.9821,360.879
19,11,1412.1553,9.8503,0,109,1.0342,361.913
17,11,1412.1553,9.8036,0,167,0.9656,362.879
16,11,1412.1553,9.8307,0,217,1.0503,363.929
14,11,1412.1553,9.7734,0,299,0.9980,364.927
13,10,1412.1553,9.8643,0,54,0.9773,365.905
11,10,1412.1553,10.8143,0,274,1.0267,366.931
11,10,1412.1553,9.7996,0,286,1.0221,367.953
10,10,1412.1553,9.7318,0,33,0.9978,368.951
9,9,1412.1553,9.8301,0,96,3.0121,371.963
8,9,1412.1553,9.8287,0,339,1.0173,372.980
8,9,1412.1553,9.8133,0,231,1.0090,373.989
7,8,1412.1553,9.8722,0,326,1.0034,374.993
6,8,1412.1553,9.8583,0,245,2.9645,377.957
5,7,1412.1553,9.8389,0,319,0.9537,378.911
5,7,1412.1553,9.7776,0,324,0.9891,379.900
4,7,1412.1553,9.8205,0,301,1.0855,380.986
4,7,1412.1553,9.8167,0,310,1.0591,382.045
2,6,1412.1553,9.7500,0,287,2.9415,384.986
2,6,1412.1553,9.8457,0,327,1.0484,386.035
1,6,1412.1553,9.7962,0,199,2.0470,388.082
1,6,1412.1553,9.8166,0,204,0.9500,389.032
1,6,1412.1553,9.8178,0,203,0.9474,389.979
1,6,1412.1553,9.8169,0,203,0.9872,390.966
1,6,1412.1553,9.8174,0,203,1.0092,391.975
1,6,1412.1553,9.8182,0,203,1.0334,393.009
1,6,1412.1553,9.8181,0,203,1.0543,394.063
1,6,1412.1553,9.8171,0,203,1.0166,395.080
1,6,1412.1553,9.8182,0,203,0.9984,396.078
1,6,1412.1553,9.8156,0,203,1.0483,397.126
1,6,1412.1553,9.8182,0,203,0.9671,398.094
1,6,1412.1553,9.8173,0,203,0.9668,399.060
1,6,1412.1553,9.8167,0,203,0.9832,400.044
1,6,1412.1553,9.8164,0,203,1.0244,401.068
1,6,1412.1553,9.8182,0,203,1.0852,402.153
1,6,1412.1553,9.8179,0,203,1.0289,403.182
